Project,now,before,Difference
Chart1,110,42,-68
Chart2,107,92,-15
Chart3,6,3,-3
Chart4,229,311,82
Chart5,8,8,0
Chart6,636,650,14
Chart7,452,435,-17
Chart8,15,1,-14
Chart9,6,14,8
Chart10,-1,53,-1
Chart11,8,5,-3
Chart12,54,13,-41
Chart13,17,47,30
Chart14,3,6,3
Chart15,37,29,-8
Chart16,1,1,0
Chart17,2,2,0
Chart18,9,3,-6
Chart19,4,1,-3
Chart20,451,448,-3
Chart21,4,3,-1
Chart22,7,12,5
Chart24,4,3,-1
Chart25,2522,2640,118
Chart26,124,134,10
Closure1,1884,1744,-140
Closure2,59,66,7
Closure3,178,279,101
Closure4,11579,9518,-2061
Closure5,271,154,-117
Closure6,3,1,-2
Closure7,2,2,0
Closure8,91,123,32
Closure9,1,1,0
Closure10,352,215,-137
Closure11,255,14008,13753
Closure12,14244,15178,934
Closure13,23149,24214,1065
Closure14,27,4,-23
Closure15,231,185,-46
Closure16,133,205,72
Closure17,238,86,-152
Closure18,17270,17361,91
Closure19,4,1,-3
Closure20,17,2,-15
Closure21,23,6,-17
Closure22,1,4,3
Closure23,10,8,-2
Closure24,1,1,0
Closure25,104,107,3
Closure26,26,5,-21
Closure27,7,3,-4
Closure29,1278,447,-831
Closure30,277,242,-35
Closure31,16445,16568,123
Closure32,57,35,-22
Closure33,530,10413,9883
Closure34,1665,1644,-21
Closure35,55,6,-49
Closure36,1358,1062,-296
Closure37,16442,16628,186
Closure38,11092,11132,40
Closure39,41,21,-20
Closure40,151,120,-31
Closure41,13283,12951,-332
Closure42,6,1,-5
Closure43,12824,12296,-528
Closure44,11072,11138,66
Closure45,11804,10793,-1011
Closure46,2,1,-1
Closure47,362,338,-24
Closure48,11040,11694,654
Closure49,13940,13810,-130
Closure50,109,88,-21
Closure51,10498,10525,27
Closure52,106,116,10
Closure53,72,47,-25
Closure54,416,55,-361
Closure55,311,9947,9636
Closure56,59,65,6
Closure57,111,25,-86
Closure58,7,7,0
Closure59,26279,25904,-375
Closure60,515,21,-494
Closure61,296,146,-150
Closure62,1,4,3
Closure63,1,4,3
Closure64,1247,1481,234
Closure65,211,78,-133
Closure66,13817,12664,-1153
Closure67,9543,9571,28
Closure68,4,3,-1
Closure69,11690,11744,54
Closure70,13253,13035,-218
Closure71,505,227,-278
Closure72,7142,7121,-21
Closure73,10130,9137,-993
Closure74,147,123,-24
Closure75,22,8,-14
Closure76,134,138,4
Closure77,194,370,176
Closure78,2,1,-1
Closure79,95,51,-44
Closure80,67,13,-54
Closure81,2836,3026,190
Closure82,14656,14561,-95
Closure83,13386,12732,-654
Closure84,2554,2543,-11
Closure85,131,164,33
Closure86,7,2,-5
Closure87,8622,8724,102
Closure88,76,69,-7
Closure89,7028,142,-6886
Closure90,189,46,-143
Closure91,12309,11997,-312
Closure92,183,85,-98
Closure93,183,85,-98
Closure94,2,4,2
Closure95,14865,14561,-304
Closure96,307,10045,9738
Closure97,13,1,-12
Closure98,11498,11498,0
Closure99,17,16,-1
Closure100,8,7,-1
Closure101,22301,21984,-317
Closure102,21786,21975,189
Closure103,225,288,63
Closure104,45,13,-32
Closure105,43,7,-36
Closure106,26,105,79
Closure107,199,132,-67
Closure108,164,11732,11568
Closure109,73,33,-40
Closure110,20,2,-18
Closure111,1,1,0
Closure112,168,110,-58
Closure113,68,17,-51
Closure114,15382,15347,-35
Closure115,9,8,-1
Closure116,250,31,-219
Closure117,10251,10050,-201
Closure118,50,2,-48
Closure120,27,226,199
Closure121,14198,14779,581
Closure122,39,9,-30
Closure123,9353,139,-9214
Closure124,41,10,-31
Closure125,11040,12959,1919
Closure126,35,5,-30
Closure127,226,210,-16
Closure128,171,102,-69
Closure129,25386,25226,-160
Closure130,17001,16541,-460
Closure131,14100,11546,-2554
Closure132,110,80,-30
Closure133,3764,4229,465
Lang1,4,3,-1
Lang2,5,3,-2
Lang3,1,3,2
Lang4,26,17,-9
Lang5,4,1,-3
Lang6,2643,2766,123
Lang7,15,122,107
Lang8,11,6,-5
Lang9,650,648,-2
Lang10,464,480,16
Lang11,9,3,-6
Lang12,7,5,-2
Lang13,4,5,1
Lang14,2,4,2
Lang15,218,217,-1
Lang16,60,27,-33
Lang17,1139,1221,82
Lang18,66,41,-25
Lang19,6,8,2
Lang20,18,8,-10
Lang21,1,2,1
Lang22,42,35,-7
Lang24,72,64,-8
Lang26,262,245,-17
Lang27,141,127,-14
Lang28,9,3,-6
Lang30,1,8,7
Lang31,1,6,5
Lang32,9,26,17
Lang33,6,7,1
Lang34,560,475,-85
Lang35,1,2,1
Lang36,62,42,-20
Lang37,1,6,5
Lang38,2,3,1
Lang39,48,27,-21
Lang40,1,2,1
Lang41,8,6,-2
Lang42,16,13,-3
Lang43,2,6,4
Lang44,13,3,-10
Lang45,18,10,-8
Lang46,2,1,-1
Lang47,3,5,2
Lang48,197,167,-30
Lang49,4,1,-3
Lang50,20,8,-12
Lang53,35,16,-19
Lang54,3,3,0
Lang55,44,36,-8
Lang57,-1,48,-1
Lang58,12,20,8
Lang59,6,6,0
Lang60,6,2,-4
Lang61,24,21,-3
Lang62,5,4,-1
Lang63,1,1,0
Lang64,4,4,0
Lang65,6,7,1
Math1,21,8,-13
Math2,56,44,-12
Math3,14,3,-11
Math4,14,17,3
Math5,1,1,0
Math6,404,170,-234
Math7,132,42,-90
Math8,3,4,1
Math9,3,1,-2
Math10,23,12,-11
Math11,118,31,-87
Math13,5635,5357,-278
Math14,4758,4595,-163
Math15,2194,211,-1983
Math16,10,1,-9
Math17,489,591,102
Math18,26,14,-12
Math19,43,56,13
Math20,3527,4057,530
Math21,36,46,10
Math22,1,1,0
Math23,66,1982,1916
Math24,131,1982,1851
Math25,3,1,-2
Math26,35,1846,1811
Math27,1,1,0
Math28,18,12,-6
Math29,1,6,5
Math30,82,41,-41
Math31,725,748,23
Math32,5,4,-1
Math33,3014,2967,-47
Math34,3,3,0
Math35,6,3,-3
Math36,1,2,1
Math37,4,6,2
Math38,2,5,3
Math39,1955,2042,87
Math40,1569,33,-1536
Math41,42,43,1
Math42,2980,3004,24
Math43,2040,2003,-37
Math44,87,14,-73
Math45,2,1,-1
Math46,1,2,1
Math47,1,2,1
Math48,355,355,0
Math49,14,7,-7
Math50,1,1,0
Math51,2218,2215,-3
Math52,12,22,10
Math53,2,1,-1
Math54,126,112,-14
Math55,1,1,0
Math56,1,20,19
Math57,6,4,-2
Math58,2117,2081,-36
Math59,2,2,0
Math60,38,36,-2
Math61,1,1,0
Math62,1839,150,-1689
Math63,6,1,-5
Math64,190,180,-10
Math65,9,41,32
Math66,407,503,96
Math67,16,8,-8
Math68,333,333,0
Math69,27,44,17
Math70,1,1,0
Math71,2,1,-1
Math72,3,1,-2
Math73,3,1,-2
Math74,2426,2481,55
Math75,1,1,0
Math76,1933,1889,-44
Math77,2,19,17
Math78,272,366,94
Math79,32,29,-3
Math80,6,14,8
Math81,8,10,2
Math82,1880,1804,-76
Math83,1639,1661,22
Math84,44,55,11
Math85,79,77,-2
Math86,461,446,-15
Math87,1674,1656,-18
Math88,1,1,0
Math89,1,1,0
Math90,55,54,-1
Math91,1,1,0
Math92,2,2,0
Math93,3,2,-1
Math94,212,204,-8
Math95,6,15,9
Math96,115,92,-23
Math97,1,1,0
Math98,9,4,-5
Math99,1,4,3
Math100,12,9,-3
Math101,4,39,35
Math102,3,3,0
Math103,151,32,-119
Math105,60,68,8
Math106,4,10,6
Mockito1,1,2,1
Mockito2,985,916,-69
Mockito3,12,1,-11
Mockito4,7,7,0
Mockito5,2965,2980,15
Mockito6,4,1,-3
Mockito7,46,967,921
Mockito8,156,155,-1
Mockito9,24,1077,1053
Mockito10,8,12,4
Mockito11,1,1,0
Mockito12,1,2,1
Mockito13,1113,1030,-83
Mockito14,862,868,6
Mockito15,913,859,-54
Mockito16,13,4,-9
Mockito17,7,4,-3
Mockito18,694,647,-47
Mockito19,108,12,-96
Mockito20,257,226,-31
Mockito21,1,1,0
Mockito22,648,608,-40
Mockito23,104,66,-38
Mockito24,1,1,0
Mockito25,67,63,-4
Mockito27,86,37,-49
Mockito28,1028,853,-175
Mockito29,55,31,-24
Mockito30,2,1,-1
Mockito31,1,2,1
Mockito32,27,2,-25
Mockito33,1113,1119,6
Mockito34,1635,1589,-46
Mockito35,4,1,-3
Mockito36,25,4,-21
Mockito37,801,809,8
Mockito38,611,583,-28
Time1,4,2,-2
Time2,3,3,0
Time3,7,1,-6
Time4,44,30,-14
Time5,78,26,-52
Time6,4,4,0
Time7,87,17,-70
Time8,36,24,-12
Time9,28,3,-25
Time10,290,199,-91
Time11,415,448,33
Time12,3,7,4
Time13,46,19,-27
Time14,6,5,-1
Time15,2,2,0
Time16,9,7,-2
Time17,2,5,3
Time18,27,3,-24
Time19,5384,5379,-5
Time20,293,339,46
Time21,60,33,-27
Time22,26,16,-10
Time23,1387,1301,-86
Time24,5234,5370,136
Time25,469,5266,4797
Time26,3196,332,-2864
Time27,4530,4502,-28
