Project,now,before,Difference
Lang-32,12,26,14
Lang-24,24,64,40
Lang-40,1,2,1
Lang-4,2,2,0
Lang-19,1,6,5
Lang-35,2,2,0
Lang-50,70,134,64
Lang-29,-1,-1,0
Lang-14,1,4,3
Lang-2,7,3,-4
Lang-49,5,1,-4
Lang-47,38,35,-3
Lang-5,3,1,-2
Lang-16,44,27,-17
Lang-3,26,3,-23
Lang-11,7,3,-4
Lang-6,18,98,80
Lang-13,3,5,2
Lang-23,-1,-1,0
Lang-17,8,102,94
Lang-18,15,41,26
Lang-63,4,1,-3
Lang-26,39,7,-32
Lang-31,2,4,2
Lang-61,4,8,4
Lang-65,3,7,4
Lang-60,11,2,-9
Lang-52,-1,-1,0
Lang-53,31,16,-15
Lang-51,-1,-1,0
Lang-58,3,20,17
Lang-1,4,3,-1
Lang-59,4,6,2
Lang-22,13,14,1
Lang-39,35,27,-8
Lang-56,-1,-1,0
Lang-28,2,3,1
Lang-41,2,38,36
Lang-21,2,2,0
Lang-43,6,6,0
Lang-45,17,10,-7
Lang-37,1,6,5
Lang-7,1,122,121
Lang-25,-1,-1,0
Lang-12,1,4,3
Lang-64,13,4,-9
Lang-44,2,3,1
Lang-62,14,4,-10
Lang-38,7,3,-4
Lang-15,5,12,7
Lang-10,10,17,7
Lang-8,15,189,174
Lang-36,11,42,31
Lang-33,5,7,2
Lang-34,20,5,-15
Lang-46,1,1,0
Lang-55,1,7,6
Lang-20,3,27,24
Lang-42,7,13,6
Lang-48,3,2,-1
Lang-30,1,30,29
Lang-9,92,55,-37
Lang-57,4,6,2
Lang-54,5,3,-2
Lang-27,29,127,98
Time-24,190,458,268
Time-4,62,30,-32
Time-19,21,620,599
Time-14,19,4,-15
Time-2,64,3,-61
Time-5,8,2,-6
Time-16,877,7,-870
Time-3,218,1,-217
Time-11,307,448,141
Time-6,200,24,-176
Time-13,50,19,-31
Time-23,9,40,31
Time-17,31,5,-26
Time-18,75,3,-72
Time-26,84,398,314
Time-1,2,2,0
Time-22,85,15,-70
Time-21,69,309,240
Time-7,40,16,-24
Time-25,28,187,159
Time-12,645,1581,936
Time-15,3,2,-1
Time-10,38,188,150
Time-8,50,24,-26
Time-20,840,1702,862
Time-9,72,3,-69
Time-27,66,346,280
Math-69,51,44,-7
Math-32,2,4,2
Math-73,11,1,-10
Math-24,17,150,133
Math-40,103,33,-70
Math-4,121,76,-45
Math-91,7,1,-6
Math-74,144,777,633
Math-106,53,10,-43
Math-19,156,56,-100
Math-35,9,3,-6
Math-78,2,117,115
Math-103,6,32,26
Math-50,2,1,-1
Math-29,25,194,169
Math-87,5,115,110
Math-14,26,99,73
Math-81,2,10,8
Math-2,40,44,4
Math-49,214,7,-207
Math-47,6,2,-4
Math-92,1,2,1
Math-86,12,18,6
Math-66,2,35,33
Math-75,1,1,0
Math-82,43,151,108
Math-76,34,99,65
Math-93,1,2,1
Math-5,2,1,-1
Math-67,219,8,-211
Math-16,243,252,9
Math-3,5,3,-2
Math-11,25,31,6
Math-6,108,70,-38
Math-13,59,159,100
Math-23,1,148,147
Math-17,27,258,231
Math-18,231,14,-217
Math-63,1,1,0
Math-26,150,38,-112
Math-31,28,28,0
Math-61,123,1,-122
Math-77,7,21,14
Math-65,155,41,-114
Math-60,10,36,26
Math-52,17,22,5
Math-53,1,1,0
Math-51,6,30,24
Math-58,289,545,256
Math-97,2,1,-1
Math-1,303,356,53
Math-59,419,2,-417
Math-22,9,53,44
Math-39,88,117,29
Math-100,143,9,-134
Math-56,4,20,16
Math-28,19,12,-7
Math-41,41,43,2
Math-21,8,41,33
Math-96,6,5,-1
Math-43,25,44,19
Math-68,4,127,123
Math-45,1,1,0
Math-37,184,249,65
Math-83,14,40,26
Math-7,98,42,-56
Math-25,2,1,-1
Math-85,13,77,64
Math-90,2,3,1
Math-89,1,1,0
Math-95,1,15,14
Math-12,-1,-1,0
Math-88,2,1,-1
Math-64,3,143,140
Math-101,18,12,-6
Math-71,2,277,275
Math-99,13,27,14
Math-105,3,25,22
Math-44,15,14,-1
Math-62,49,128,79
Math-94,7,6,-1
Math-84,2,34,32
Math-79,2,29,27
Math-38,30,5,-25
Math-15,80,217,137
Math-10,167,12,-155
Math-98,7,4,-3
Math-102,8,3,-5
Math-8,15,4,-11
Math-36,342,356,14
Math-33,52,44,-8
Math-72,18,1,-17
Math-104,-1,-1,0
Math-34,10,3,-7
Math-46,35,1,-34
Math-80,26,14,-12
Math-55,2,1,-1
Math-20,1,598,597
Math-42,45,72,27
Math-48,6,355,349
Math-30,78,41,-37
Math-9,1,1,0
Math-57,14,4,-10
Math-54,312,306,-6
Math-27,1,1,0
Math-70,2,1,-1
Chart-24,2,3,1
Chart-4,24,17,-7
Chart-19,89,474,385
Chart-14,195,317,122
Chart-2,74,137,63
Chart-5,1,8,7
Chart-16,11,1,-10
Chart-3,5,3,-2
Chart-11,1,5,4
Chart-6,7,16,9
Chart-13,99,47,-52
Chart-23,-1,-1,0
Chart-17,2,2,0
Chart-18,1,3,2
Chart-26,76,134,58
Chart-1,18,42,24
Chart-22,1,61,60
Chart-21,16,3,-13
Chart-7,22,81,59
Chart-25,250,2745,2495
Chart-12,132,13,-119
Chart-15,19,29,10
Chart-10,1,3,2
Chart-8,4,1,-3
Chart-20,8,5,-3
Chart-9,9,14,5
Mockito-32,79,2,-77
Mockito-24,173,619,446
Mockito-4,284,633,349
Mockito-19,12,12,0
Mockito-35,92,423,331
Mockito-29,18,31,13
Mockito-14,38,96,58
Mockito-2,114,3,-111
Mockito-5,3066,3066,0
Mockito-16,18,4,-14
Mockito-3,78,1,-77
Mockito-11,1,1,0
Mockito-6,442,856,414
Mockito-13,39,85,46
Mockito-23,169,567,398
Mockito-17,2,4,2
Mockito-18,42,5,-37
Mockito-26,-1,-1,0
Mockito-31,10,2,-8
Mockito-1,14,2,-12
Mockito-22,43,11,-32
Mockito-28,29,198,169
Mockito-21,26,1,-25
Mockito-37,77,3,-74
Mockito-7,49,50,1
Mockito-25,33,46,13
Mockito-12,9,2,-7
Mockito-38,3,1,-2
Mockito-15,51,178,127
Mockito-10,21,12,-9
Mockito-8,56,31,-25
Mockito-36,7,1,-6
Mockito-33,50,52,2
Mockito-34,37,27,-10
Mockito-20,33,29,-4
Mockito-30,1,1,0
Mockito-9,393,1683,1290
Mockito-27,163,507,344
Closure-69,1354,2275,921
Closure-127,229,187,-42
Closure-32,244,673,429
Closure-119,-1,-1,0
Closure-73,455,1977,1522
Closure-24,26,1,-25
Closure-40,680,35,-645
Closure-120,19,2413,2394
Closure-4,447,157,-290
Closure-91,710,284,-426
Closure-74,874,10,-864
Closure-109,1,137,136
Closure-106,166,1826,1660
Closure-19,293,2272,1979
Closure-35,273,6,-267
Closure-78,228,1,-227
Closure-103,76,1805,1729
Closure-122,47,233,186
Closure-50,56,76,20
Closure-29,617,184,-433
Closure-87,13,150,137
Closure-133,2,597,595
Closure-14,11,1,-10
Closure-81,39,1,-38
Closure-2,404,1666,1262
Closure-49,6,96,90
Closure-107,86,132,46
Closure-47,1436,1914,478
Closure-126,740,5,-735
Closure-92,124,85,-39
Closure-86,62,1947,1885
Closure-66,1119,2557,1438
Closure-75,922,2358,1436
Closure-82,145,164,19
Closure-130,97,545,448
Closure-76,320,79,-241
Closure-123,678,2096,1418
Closure-93,125,85,-40
Closure-5,401,154,-247
Closure-67,198,116,-82
Closure-16,70,2,-68
Closure-3,288,275,-13
Closure-11,2,2641,2639
Closure-6,3645,3885,240
Closure-121,363,388,25
Closure-13,2229,5651,3422
Closure-23,232,8,-224
Closure-113,5,17,12
Closure-17,1770,2301,531
Closure-124,12,10,-2
Closure-108,21,237,216
Closure-18,57,661,604
Closure-63,1,13,12
Closure-26,2286,2181,-105
Closure-31,54,409,355
Closure-61,204,1895,1691
Closure-77,1181,1956,775
Closure-65,1582,2328,746
Closure-132,75,80,5
Closure-60,573,2348,1775
Closure-52,271,2028,1757
Closure-53,228,47,-181
Closure-51,26,13,-13
Closure-58,88,7,-81
Closure-97,128,1,-127
Closure-1,78,121,43
Closure-59,823,2114,1291
Closure-22,344,2787,2443
Closure-39,168,662,494
Closure-100,8,1428,1420
Closure-56,7,593,586
Closure-28,-1,-1,0
Closure-114,267,215,-52
Closure-41,1710,2163,453
Closure-21,459,2788,2329
Closure-117,489,1845,1356
Closure-96,40,2028,1988
Closure-43,556,2222,1666
Closure-68,185,3,-182
Closure-45,300,280,-20
Closure-37,44,171,127
Closure-83,46,10,-36
Closure-7,249,909,660
Closure-25,99,107,8
Closure-85,55,86,31
Closure-90,484,1579,1095
Closure-89,246,133,-113
Closure-95,536,1192,656
Closure-12,2,1081,1079
Closure-88,207,69,-138
Closure-64,180,364,184
Closure-101,398,2775,2377
Closure-118,770,2,-768
Closure-71,1508,2498,990
Closure-99,254,4,-250
Closure-105,445,7,-438
Closure-44,275,153,-122
Closure-62,1,13,12
Closure-94,1890,1463,-427
Closure-116,213,3,-210
Closure-84,70,9,-61
Closure-79,395,1676,1281
Closure-129,222,330,108
Closure-38,149,7,-142
Closure-15,827,185,-642
Closure-10,243,2889,2646
Closure-98,1,425,424
Closure-102,406,4752,4346
Closure-8,167,123,-44
Closure-36,473,1062,589
Closure-33,557,2576,2019
Closure-72,244,241,-3
Closure-104,69,533,464
Closure-128,240,1949,1709
Closure-34,171,6,-165
Closure-46,192,1,-191
Closure-125,675,1913,1238
Closure-110,709,1931,1222
Closure-112,2345,64,-2281
Closure-80,1,1615,1614
Closure-55,262,329,67
Closure-20,103,2,-101
Closure-42,67,1,-66
Closure-48,1402,2324,922
Closure-131,327,1696,1369
Closure-30,144,102,-42
Closure-9,1,1,0
Closure-111,13,1,-12
Closure-115,298,8,-290
Closure-57,379,1729,1350
Closure-54,138,1478,1340
Closure-27,64,35,-29
Closure-70,993,2295,1302
