Project,now,before,Difference
Chart1,4786,4997,211
Chart2,4,1010,1006
Chart3,2,367,365
Chart4,221,22992,22771
Chart5,1,137,136
Chart6,644,650,6
Chart7,406,435,29
Chart8,121,116,-5
Chart9,8,411,403
Chart10,2,3,1
Chart11,4,142,138
Chart12,2573,2328,-245
Chart13,43,47,4
Chart14,26,6,-20
Chart15,1,5674,5673
Chart16,1,1,0
Chart17,1,626,625
Chart18,1,3,2
Chart19,4,1,-3
Chart20,447,448,1
Chart21,3,3,0
Chart22,2,12,10
Chart24,1,3,2
Chart25,2488,2640,152
Chart26,20,134,114
Closure1,21776,21998,222
Closure2,63,5968,5905
Closure3,12119,11851,-268
Closure4,12,11222,11210
Closure5,9010,9551,541
Closure6,32,1,-31
Closure7,76,2,-74
Closure8,8687,8719,32
Closure9,2,1,-1
Closure10,104,7124,7020
Closure11,13639,14008,369
Closure12,14952,15178,226
Closure13,24258,24214,-44
Closure14,13,6287,6274
Closure15,56,10348,10292
Closure16,9916,11567,1651
Closure17,116,6665,6549
Closure18,16484,17361,877
Closure19,28,1,-27
Closure20,40,2,-38
Closure21,35,51,16
Closure22,14,2,-12
Closure23,36,8,-28
Closure24,1,1,0
Closure25,9867,8962,-905
Closure26,168,5,-163
Closure27,12,3,-9
Closure29,17949,18968,1019
Closure30,11173,11758,585
Closure31,15905,16568,663
Closure32,122,7508,7386
Closure33,11564,11392,-172
Closure34,1587,1603,16
Closure35,5733,5691,-42
Closure36,17813,17315,-498
Closure37,16138,16628,490
Closure38,11096,11140,44
Closure39,40,789,749
Closure40,10576,11391,815
Closure41,13168,12952,-216
Closure42,1,1852,1851
Closure43,7045,12326,5281
Closure44,11703,11138,-565
Closure45,10728,10809,81
Closure46,12,817,805
Closure47,20,336,316
Closure48,11288,11706,418
Closure49,14255,14368,113
Closure50,78,6829,6751
Closure51,10483,10526,43
Closure52,75,5924,5849
Closure53,7713,7967,254
Closure54,80,9207,9127
Closure55,11715,11935,220
Closure56,3,5824,5821
Closure57,5415,4194,-1221
Closure58,1,5694,5693
Closure59,24603,25904,1301
Closure60,632,9727,9095
Closure61,14,9300,9286
Closure62,2,40,38
Closure63,2,40,38
Closure64,209,15912,15703
Closure65,97,13,-84
Closure66,12263,12718,455
Closure67,9335,9850,515
Closure68,10,48,38
Closure69,11424,11783,359
Closure70,13067,13038,-29
Closure71,41,8694,8653
Closure72,7035,7045,10
Closure73,8907,9280,373
Closure74,69,8071,8002
Closure75,39,8,-31
Closure76,29,5796,5767
Closure77,255,188,-67
Closure78,1756,1,-1755
Closure79,35,6210,6175
Closure80,30,3361,3331
Closure81,2896,3041,145
Closure82,14757,14561,-196
Closure83,15009,14934,-75
Closure84,2534,2530,-4
Closure85,99,3009,2910
Closure86,282,5505,5223
Closure87,8823,8924,101
Closure88,96,69,-27
Closure89,10793,11574,781
Closure90,34,6238,6204
Closure91,12090,11997,-93
Closure92,13,5866,5853
Closure93,13,5879,5866
Closure94,6532,863,-5669
Closure95,14603,14561,-42
Closure96,8517,10100,1583
Closure97,45,1,-44
Closure98,11429,11500,71
Closure99,362,345,-17
Closure100,4,6873,6869
Closure101,20169,21984,1815
Closure102,21772,21975,203
Closure103,61,10288,10227
Closure104,48,939,891
Closure105,78,7,-71
Closure106,6,26,20
Closure107,23494,23500,6
Closure108,11288,12844,1556
Closure109,2,2804,2802
Closure110,2576,4586,2010
Closure111,5,2748,2743
Closure112,58,10505,10447
Closure113,21,7843,7822
Closure114,15384,15351,-33
Closure115,10393,8,-10385
Closure116,66,15601,15535
Closure117,9989,9975,-14
Closure118,130,6331,6201
Closure120,196,10121,9925
Closure121,14653,14822,169
Closure122,9,1599,1590
Closure123,41,9114,9073
Closure124,15,8857,8842
Closure125,13163,13046,-117
Closure126,127,5,-122
Closure127,9559,9473,-86
Closure128,3439,6110,2671
Closure129,24326,25226,900
Closure130,15677,16546,869
Closure131,10704,11860,1156
Closure132,26,7561,7535
Closure133,3890,4229,339
Lang1,2,1564,1562
Lang2,78,78,0
Lang3,5,1570,1565
Lang4,11,20,9
Lang5,6,6,0
Lang6,2776,2781,5
Lang7,2,1471,1469
Lang8,3,64,61
Lang9,650,648,-2
Lang10,455,486,31
Lang11,20,20,0
Lang12,3,6,3
Lang13,3,5,2
Lang14,1,1289,1288
Lang15,1900,1910,10
Lang16,36,1446,1410
Lang17,1168,1221,53
Lang18,5,223,218
Lang19,16,20,4
Lang20,2,39,37
Lang21,1,2,1
Lang22,228,229,1
Lang24,22,64,42
Lang26,247,245,-2
Lang27,62,1353,1291
Lang28,1,10,9
Lang30,1,208,207
Lang31,2,1585,1583
Lang32,1,1160,1159
Lang33,1,7,6
Lang34,629,627,-2
Lang35,1,2,1
Lang36,12,46,34
Lang37,1,767,766
Lang38,1,3,2
Lang39,10,47,37
Lang40,1,2,1
Lang41,2,121,119
Lang42,246,350,104
Lang43,3,6,3
Lang44,6,12,6
Lang45,17,10,-7
Lang46,1,7,6
Lang47,3,134,131
Lang48,212,212,0
Lang49,1,1,0
Lang50,10,3,-7
Lang53,158,158,0
Lang54,41,8,-33
Lang55,34,42,8
Lang57,4,6,2
Lang58,5,937,932
Lang59,1,96,95
Lang60,2,2,0
Lang61,1,583,582
Lang62,48,71,23
Lang63,1,1,0
Lang64,1095,1093,-2
Lang65,4,158,154
Math1,1556,30,-1526
Math2,1775,1777,2
Math3,2,257,255
Math4,1,2098,2097
Math5,5,1,-4
Math6,10,170,160
Math7,4,1451,1447
Math8,1,4,3
Math9,1,1,0
Math10,527,479,-48
Math11,4328,4295,-33
Math13,5184,5559,375
Math14,4568,4603,35
Math15,2070,2364,294
Math16,145,1139,994
Math17,540,648,108
Math18,1579,1579,0
Math19,1628,1669,41
Math20,3562,4161,599
Math21,3,1901,1898
Math22,1,1,0
Math23,1919,1880,-39
Math24,1977,1977,0
Math25,457,455,-2
Math26,1890,1858,-32
Math27,1,22,21
Math28,2,3020,3018
Math29,2,6,4
Math30,14,433,419
Math31,600,587,-13
Math32,1,4,3
Math33,3001,2967,-34
Math34,1,46,45
Math35,109,110,1
Math36,175,24,-151
Math37,5,4,-1
Math38,2,5,3
Math39,1986,2042,56
Math40,1508,1514,6
Math41,1242,1265,23
Math42,2966,3005,39
Math43,2086,2092,6
Math44,20,1739,1719
Math45,1,1067,1066
Math46,5,3,-2
Math47,23,3,-20
Math48,15,2589,2574
Math49,763,753,-10
Math50,1,1,0
Math51,2203,2216,13
Math52,14,51,37
Math53,1,697,696
Math54,9,1,-8
Math55,1217,1304,87
Math56,2,20,18
Math57,2006,2017,11
Math58,2245,2083,-162
Math59,1479,2,-1477
Math60,75,67,-8
Math61,7,1,-6
Math62,36,150,114
Math63,3,1,-2
Math64,177,177,0
Math65,1536,41,-1495
Math66,503,710,207
Math67,257,8,-249
Math68,228,209,-19
Math69,1425,1422,-3
Math70,1,1,0
Math71,1,1,0
Math72,4,1,-3
Math73,9,1,-8
Math74,2063,2028,-35
Math75,1,1,0
Math76,1798,1798,0
Math77,2,19,17
Math78,241,366,125
Math79,3,343,340
Math80,4,14,10
Math81,2,2086,2084
Math82,1782,1804,22
Math83,1622,1662,40
Math84,115,123,8
Math85,265,282,17
Math86,427,406,-21
Math87,1644,1640,-4
Math88,1520,1590,70
Math89,1,1,0
Math90,45,54,9
Math91,1,1,0
Math92,1,6,5
Math93,1,7,6
Math94,205,204,-1
Math95,5,145,140
Math96,107,107,0
Math97,1,99,98
Math98,6,246,240
Math99,41,4,-37
Math100,8,329,321
Math101,82,71,-11
Math102,1,3,2
Math103,153,191,38
Math105,40,68,28
Math106,54,50,-4
Mockito1,1,2,1
Mockito2,1191,1191,0
Mockito3,18,1216,1198
Mockito4,8,5,-3
Mockito5,2952,2952,0
Mockito6,1,1,0
Mockito7,1067,1111,44
Mockito8,167,156,-11
Mockito9,1139,1076,-63
Mockito10,12,872,860
Mockito11,1,93,92
Mockito12,1,2,1
Mockito13,1025,1030,5
Mockito14,862,868,6
Mockito15,828,859,31
Mockito16,4,197,193
Mockito17,1,385,384
Mockito18,647,647,0
Mockito19,18,658,640
Mockito20,172,163,-9
Mockito21,3,399,396
Mockito22,607,608,1
Mockito23,23,915,892
Mockito24,5,796,791
Mockito25,3,1261,1258
Mockito27,8,590,582
Mockito28,852,853,1
Mockito29,705,730,25
Mockito30,1,204,203
Mockito31,8,141,133
Mockito32,568,444,-124
Mockito33,1118,1120,2
Mockito34,1605,1590,-15
Mockito35,1,85,84
Mockito36,489,1019,530
Mockito37,825,810,-15
Mockito38,650,647,-3
Time1,3,1230,1227
Time2,11,1988,1977
Time3,3,1567,1564
Time4,4007,4327,320
Time5,10,1772,1762
Time6,2,14,12
Time7,8,3795,3787
Time8,7,1233,1226
Time9,5,1192,1187
Time10,46,4378,4332
Time11,3372,3411,39
Time12,2,3,1
Time13,1636,2684,1048
Time14,2,2448,2446
Time15,106,104,-2
Time16,25,1687,1662
Time17,2,639,637
Time18,2,2268,2266
Time19,5193,5379,186
Time20,201,1551,1350
Time21,6,21,15
Time22,9,2791,2782
Time23,1138,1301,163
Time24,5458,5554,96
Time25,5343,5329,-14
Time26,2384,2097,-287
Time27,4448,4502,54
