Project,now,before,Difference
Lang-32,1,4,3
Lang-24,32,153,121
Lang-40,1,2,1
Lang-4,2,5,3
Lang-19,4,9,5
Lang-35,1,1,0
Lang-50,64,12,-52
Lang-29,-1,-1,0
Lang-14,1,1,0
Lang-2,9,18,9
Lang-49,9,2,-7
Lang-47,10,23,13
Lang-5,3,1,-2
Lang-16,31,8,-23
Lang-3,6,5,-1
Lang-11,3,1,-2
Lang-6,36,72,36
Lang-13,5,4,-1
Lang-23,-1,-1,0
Lang-17,7,19,12
Lang-18,17,46,29
Lang-63,6,2,-4
Lang-26,9,12,3
Lang-31,3,5,2
Lang-61,5,27,22
Lang-65,5,6,1
Lang-60,10,6,-4
Lang-52,-1,-1,0
Lang-53,37,123,86
Lang-51,-1,-1,0
Lang-58,6,27,21
Lang-1,2,3,1
Lang-59,2,1,-1
Lang-22,32,27,-5
Lang-39,12,38,26
Lang-56,-1,-1,0
Lang-28,1,1,0
Lang-41,6,6,0
Lang-21,2,1,-1
Lang-43,11,6,-5
Lang-45,10,1,-9
Lang-37,1,4,3
Lang-7,3,23,20
Lang-25,-1,-1,0
Lang-12,1,6,5
Lang-64,10,1,-9
Lang-44,2,5,3
Lang-62,40,6,-34
Lang-38,21,1,-20
Lang-15,14,249,235
Lang-10,8,34,26
Lang-8,59,11,-48
Lang-36,12,91,79
Lang-33,97,692,595
Lang-34,106,74,-32
Lang-46,1,1,0
Lang-55,4,9,5
Lang-20,2,4,2
Lang-42,21,3,-18
Lang-48,5,2,-3
Lang-30,1,2,1
Lang-9,117,62,-55
Lang-57,3,1,-2
Lang-54,7,1,-6
Lang-27,50,27,-23
Time-24,500,157,-343
Time-4,409,16,-393
Time-19,100,254,154
Time-14,9,8,-1
Time-2,167,6,-161
Time-5,46,2,-44
Time-16,133,1,-132
Time-3,159,1,-158
Time-11,81,358,277
Time-6,23,5,-18
Time-13,310,13,-297
Time-23,11,1,-10
Time-17,14,1,-13
Time-18,164,11,-153
Time-26,607,80,-527
Time-1,30,4,-26
Time-22,109,11,-98
Time-21,29,2,-27
Time-7,181,49,-132
Time-25,758,109,-649
Time-12,107,21,-86
Time-15,2,1,-1
Time-10,135,499,364
Time-8,17,10,-7
Time-20,283,6,-277
Time-9,15,5,-10
Time-27,78,1271,1193
Math-69,128,64,-64
Math-32,24,64,40
Math-73,38,12,-26
Math-24,38,71,33
Math-40,20,131,111
Math-4,17,2,-15
Math-91,1,1,0
Math-74,153,984,831
Math-106,54,8,-46
Math-19,36,18,-18
Math-35,2,6,4
Math-78,5,46,41
Math-103,13,30,17
Math-50,7,1,-6
Math-29,18,3,-15
Math-87,4,35,31
Math-14,30,43,13
Math-81,19,46,27
Math-2,56,71,15
Math-49,211,5,-206
Math-47,38,1,-37
Math-92,2,1,-1
Math-86,67,40,-27
Math-66,1,162,161
Math-75,2,1,-1
Math-82,103,214,111
Math-76,70,60,-10
Math-93,1,2,1
Math-5,9,2,-7
Math-67,367,173,-194
Math-16,204,4,-200
Math-3,2,7,5
Math-11,113,60,-53
Math-6,21,285,264
Math-13,27,188,161
Math-23,5,41,36
Math-17,17,508,491
Math-18,349,3,-346
Math-63,2,1,-1
Math-26,239,24,-215
Math-31,43,81,38
Math-61,247,590,343
Math-77,9,19,10
Math-65,14,70,56
Math-60,60,17,-43
Math-52,91,9,-82
Math-53,2,2,0
Math-51,2,29,27
Math-58,484,128,-356
Math-97,5,1,-4
Math-1,251,6,-245
Math-59,121,1,-120
Math-22,9,1,-8
Math-39,102,462,360
Math-100,53,5,-48
Math-56,9,5,-4
Math-28,12,22,10
Math-41,47,14,-33
Math-21,6,6,0
Math-96,9,6,-3
Math-43,66,96,30
Math-68,4,83,79
Math-45,2,1,-1
Math-37,24,1,-23
Math-83,1,69,68
Math-7,12,46,34
Math-25,9,2,-7
Math-85,22,111,89
Math-90,1,5,4
Math-89,1,1,0
Math-95,17,8,-9
Math-12,-1,-1,0
Math-88,4,1,-3
Math-64,7,105,98
Math-101,29,15,-14
Math-71,1,2,1
Math-99,14,5,-9
Math-105,3,25,22
Math-44,31,13,-18
Math-62,37,325,288
Math-94,3,11,8
Math-84,5,13,8
Math-79,4,12,8
Math-38,20,2,-18
Math-15,110,2,-108
Math-10,169,11,-158
Math-98,6,3,-3
Math-102,3,1,-2
Math-8,14,3,-11
Math-36,11,1,-10
Math-33,186,51,-135
Math-72,16,8,-8
Math-104,-1,-1,0
Math-34,5,1,-4
Math-46,34,1,-33
Math-80,127,69,-58
Math-55,5,1,-4
Math-20,44,453,409
Math-42,64,331,267
Math-48,3,687,684
Math-30,57,24,-33
Math-9,15,3,-12
Math-57,9,8,-1
Math-54,288,11,-277
Math-27,7,2,-5
Math-70,3,1,-2
Chart-24,2,4,2
Chart-4,22,241,219
Chart-19,14,1,-13
Chart-14,136,8,-128
Chart-2,5,51,46
Chart-5,2,8,6
Chart-16,14,5,-9
Chart-3,22,12,-10
Chart-11,5,5,0
Chart-6,31,29,-2
Chart-13,124,21,-103
Chart-23,-1,-1,0
Chart-17,7,5,-2
Chart-18,1,5,4
Chart-26,124,669,545
Chart-1,179,42,-137
Chart-22,2,5,3
Chart-21,2,1,-1
Chart-7,30,86,56
Chart-25,17,3,-14
Chart-12,282,97,-185
Chart-15,18,16,-2
Chart-10,2,1,-1
Chart-8,19,15,-4
Chart-20,11,11,0
Chart-9,42,10,-32
Mockito-32,382,424,42
Mockito-24,16,1,-15
Mockito-4,704,2100,1396
Mockito-19,263,493,230
Mockito-35,83,9,-74
Mockito-29,630,829,199
Mockito-14,52,509,457
Mockito-2,190,16,-174
Mockito-5,2915,2915,0
Mockito-16,20,4,-16
Mockito-3,191,3,-188
Mockito-11,3,1,-2
Mockito-6,5,2,-3
Mockito-13,114,83,-31
Mockito-23,12,272,260
Mockito-17,20,2,-18
Mockito-18,125,26,-99
Mockito-26,154,41,-113
Mockito-31,9,1,-8
Mockito-1,5,1,-4
Mockito-22,80,9,-71
Mockito-28,75,470,395
Mockito-21,38,2,-36
Mockito-37,206,10,-196
Mockito-7,71,36,-35
Mockito-25,11,58,47
Mockito-12,26,39,13
Mockito-38,543,899,356
Mockito-15,74,174,100
Mockito-10,43,9,-34
Mockito-8,59,37,-22
Mockito-36,481,1857,1376
Mockito-33,174,84,-90
Mockito-34,389,42,-347
Mockito-20,490,217,-273
Mockito-30,110,6,-104
Mockito-9,633,938,305
Mockito-27,29,3,-26
Closure-69,735,189,-546
Closure-127,2206,2062,-144
Closure-32,309,50,-259
Closure-119,-1,-1,0
Closure-73,363,9,-354
Closure-24,272,3,-269
Closure-40,1873,3814,1941
Closure-120,1421,2243,822
Closure-4,75,4943,4868
Closure-91,1019,1939,920
Closure-74,262,37,-225
Closure-109,9,5,-4
Closure-106,85,27,-58
Closure-19,368,6,-362
Closure-35,1595,26,-1569
Closure-78,1125,3,-1122
Closure-103,435,20,-415
Closure-122,131,3,-128
Closure-50,382,64,-318
Closure-29,2392,2938,546
Closure-87,464,788,324
Closure-133,377,1322,945
Closure-14,246,38,-208
Closure-81,150,4,-146
Closure-2,910,10,-900
Closure-49,57,99,42
Closure-107,2468,69,-2399
Closure-47,110,243,133
Closure-126,1172,2582,1410
Closure-92,106,2107,2001
Closure-86,2239,13,-2226
Closure-66,693,2785,2092
Closure-75,264,1,-263
Closure-82,2722,258,-2464
Closure-130,454,3664,3210
Closure-76,179,48,-131
Closure-123,330,98,-232
Closure-93,105,2157,2052
Closure-5,980,58,-922
Closure-67,35,2399,2364
Closure-16,1772,169,-1603
Closure-3,1515,1504,-11
Closure-11,626,1827,1201
Closure-6,426,6,-420
Closure-121,1262,90,-1172
Closure-13,2905,5541,2636
Closure-23,1273,67,-1206
Closure-113,597,8,-589
Closure-17,1784,10,-1774
Closure-124,247,18,-229
Closure-108,253,53,-200
Closure-18,121,1920,1799
Closure-63,1,1,0
Closure-26,810,24,-786
Closure-31,184,713,529
Closure-61,74,1118,1044
Closure-77,846,36,-810
Closure-65,172,1,-171
Closure-132,417,1938,1521
Closure-60,685,2,-683
Closure-52,469,7,-462
Closure-53,881,3126,2245
Closure-51,374,17,-357
Closure-58,73,14,-59
Closure-97,1051,35,-1016
Closure-1,2226,123,-2103
Closure-59,309,3588,3279
Closure-22,85,1,-84
Closure-39,204,4,-200
Closure-100,51,38,-13
Closure-56,5,1,-4
Closure-28,-1,-1,0
Closure-114,2209,90,-2119
Closure-41,2080,4104,2024
Closure-21,271,7,-264
Closure-117,2491,153,-2338
Closure-96,471,37,-434
Closure-43,158,2729,2571
Closure-68,200,7,-193
Closure-45,405,1681,1276
Closure-37,71,716,645
Closure-83,108,74,-34
Closure-7,678,12,-666
Closure-25,853,2694,1841
Closure-85,199,66,-133
Closure-90,639,582,-57
Closure-89,411,55,-356
Closure-95,1552,2135,583
Closure-12,535,1888,1353
Closure-88,1594,55,-1539
Closure-64,83,1345,1262
Closure-101,118,3976,3858
Closure-118,1916,5618,3702
Closure-71,414,3280,2866
Closure-99,400,66,-334
Closure-105,760,42,-718
Closure-44,992,884,-108
Closure-62,1,1,0
Closure-94,1115,4,-1111
Closure-116,188,46,-142
Closure-84,71,9,-62
Closure-79,248,16,-232
Closure-129,599,6780,6181
Closure-38,420,147,-273
Closure-15,776,61,-715
Closure-10,832,1685,853
Closure-98,409,752,343
Closure-102,569,3147,2578
Closure-8,1463,2441,978
Closure-36,4880,5948,1068
Closure-33,3162,2317,-845
Closure-72,724,1608,884
Closure-104,160,9,-151
Closure-128,417,2,-415
Closure-34,116,28,-88
Closure-46,107,2,-105
Closure-125,3637,95,-3542
Closure-110,1435,35,-1400
Closure-112,1306,65,-1241
Closure-80,253,7,-246
Closure-55,705,1195,490
Closure-20,1419,2245,826
Closure-42,239,11,-228
Closure-48,666,178,-488
Closure-131,476,84,-392
Closure-30,870,1695,825
Closure-9,3,1,-2
Closure-111,325,4,-321
Closure-115,552,7,-545
Closure-57,595,4,-591
Closure-54,534,71,-463
Closure-27,2,1,-1
Closure-70,1495,597,-898
