Project,MinRank1,MinRank2,Difference
Chart1,77,4997,4920
Chart2,3,1010,1007
Chart3,2,367,365
Chart4,33,22992,22959
Chart5,1,137,136
Chart6,57,650,593
Chart7,40,435,395
Chart8,8,116,108
Chart9,9,411,402
Chart10,2,3,1
Chart11,4,142,138
Chart12,131,2328,2197
Chart13,81,47,-34
Chart14,73,6,-67
Chart15,1,5674,5673
Chart16,2,1,-1
Chart17,1,626,625
Chart18,1,3,2
Chart19,11,1,-10
Chart20,7,448,441
Chart21,3,3,0
Chart22,2,12,10
Chart24,1,3,2
Chart25,211,2640,2429
Chart26,53,134,81
Closure1,1862,21998,20136
Closure2,89,5968,5879
Closure3,281,11851,11570
Closure4,10,11222,11212
Closure5,91,9551,9460
Closure6,44,1,-43
Closure7,108,2,-106
Closure8,111,8719,8608
Closure9,2,1,-1
Closure10,135,7124,6989
Closure11,446,14008,13562
Closure12,529,15178,14649
Closure13,4622,24214,19592
Closure14,14,6287,6273
Closure15,38,10348,10310
Closure16,173,11567,11394
Closure17,245,6665,6420
Closure18,1314,17361,16047
Closure19,35,1,-34
Closure20,56,2,-54
Closure21,45,51,6
Closure22,16,2,-14
Closure23,64,8,-56
Closure24,7,1,-6
Closure25,81,8962,8881
Closure26,286,5,-281
Closure27,12,3,-9
Closure29,749,18968,18219
Closure30,96,11758,11662
Closure31,1109,16568,15459
Closure32,103,7508,7405
Closure33,1176,11392,10216
Closure34,245,1603,1358
Closure35,261,5691,5430
Closure36,2083,17315,15232
Closure37,1389,16628,15239
Closure38,241,11140,10899
Closure39,49,789,740
Closure40,119,11391,11272
Closure41,1041,12952,11911
Closure42,2,1852,1850
Closure43,48,12326,12278
Closure44,1093,11138,10045
Closure45,97,10809,10712
Closure46,16,817,801
Closure47,26,336,310
Closure48,94,11706,11612
Closure49,1254,14368,13114
Closure50,59,6829,6770
Closure51,231,10526,10295
Closure52,93,5924,5831
Closure53,44,7967,7923
Closure54,128,9207,9079
Closure55,127,11935,11808
Closure56,4,5824,5820
Closure57,190,4194,4004
Closure58,1,5694,5693
Closure59,8261,25904,17643
Closure60,929,9727,8798
Closure61,14,9300,9286
Closure62,2,40,38
Closure63,2,40,38
Closure64,209,15912,15703
Closure65,210,13,-197
Closure66,580,12718,12138
Closure67,74,9850,9776
Closure68,7,48,41
Closure69,245,11783,11538
Closure70,1141,13038,11897
Closure71,51,8694,8643
Closure72,161,7045,6884
Closure73,121,9280,9159
Closure74,33,8071,8038
Closure75,51,8,-43
Closure76,12,5796,5784
Closure77,308,188,-120
Closure78,325,1,-324
Closure79,39,6210,6171
Closure80,43,3361,3318
Closure81,92,3041,2949
Closure82,4191,14561,10370
Closure83,10,14934,14924
Closure84,108,2530,2422
Closure85,31,3009,2978
Closure86,591,5505,4914
Closure87,68,8924,8856
Closure88,127,69,-58
Closure89,64,11574,11510
Closure90,49,6238,6189
Closure91,333,11997,11664
Closure92,17,5866,5849
Closure93,17,5879,5862
Closure94,511,863,352
Closure95,2091,14561,12470
Closure96,44,10100,10056
Closure97,78,1,-77
Closure98,232,11500,11268
Closure99,37,345,308
Closure100,4,6873,6869
Closure101,21984,21984,0
Closure102,3175,21975,18800
Closure103,61,10288,10227
Closure104,61,939,878
Closure105,93,7,-86
Closure106,10,26,16
Closure107,209,23500,23291
Closure108,58,12844,12786
Closure109,2,2804,2802
Closure110,227,4586,4359
Closure111,7,2748,2741
Closure112,52,10505,10453
Closure113,31,7843,7812
Closure114,395,15351,14956
Closure115,250,8,-242
Closure116,34,15601,15567
Closure117,349,9975,9626
Closure118,219,6331,6112
Closure120,256,10121,9865
Closure121,321,14822,14501
Closure122,15,1599,1584
Closure123,36,9114,9078
Closure124,16,8857,8841
Closure125,1409,13046,11637
Closure126,162,5,-157
Closure127,476,9473,8997
Closure128,112,6110,5998
Closure129,2269,25226,22957
Closure130,314,16546,16232
Closure131,104,11860,11756
Closure132,30,7561,7531
Closure133,217,4229,4012
Lang1,2,1564,1562
Lang2,7,78,71
Lang3,6,1570,1564
Lang4,5,20,15
Lang5,1,6,5
Lang6,39,2781,2742
Lang7,2,1471,1469
Lang8,9,64,55
Lang9,348,648,300
Lang10,88,486,398
Lang11,2,20,18
Lang12,1,6,5
Lang13,4,5,1
Lang14,1,1289,1288
Lang15,113,1910,1797
Lang16,36,1446,1410
Lang17,30,1221,1191
Lang18,3,223,220
Lang19,2,20,18
Lang20,2,39,37
Lang21,1,2,1
Lang22,33,229,196
Lang24,26,64,38
Lang26,3,245,242
Lang27,50,1353,1303
Lang28,1,10,9
Lang30,1,208,207
Lang31,2,1585,1583
Lang32,1,1160,1159
Lang33,1,7,6
Lang34,121,627,506
Lang35,1,2,1
Lang36,12,46,34
Lang37,1,767,766
Lang38,2,3,1
Lang39,10,47,37
Lang40,1,2,1
Lang41,2,121,119
Lang42,7,350,343
Lang43,3,6,3
Lang44,2,12,10
Lang45,17,10,-7
Lang46,1,7,6
Lang47,3,134,131
Lang48,1,212,211
Lang49,3,1,-2
Lang50,15,3,-12
Lang53,9,158,149
Lang54,5,8,3
Lang55,4,42,38
Lang57,4,6,2
Lang58,5,937,932
Lang59,1,96,95
Lang60,4,2,-2
Lang61,1,583,582
Lang62,13,71,58
Lang63,2,1,-1
Lang64,6,1093,1087
Lang65,4,158,154
Math1,25,30,5
Math2,38,1777,1739
Math3,2,257,255
Math4,1,2098,2097
Math5,8,1,-7
Math6,11,170,159
Math7,6,1451,1445
Math8,7,4,-3
Math9,1,1,0
Math10,95,479,384
Math11,51,4295,4244
Math13,69,5559,5490
Math14,78,4603,4525
Math15,229,2364,2135
Math16,201,1139,938
Math17,43,648,605
Math18,19,1579,1560
Math19,10,1669,1659
Math20,78,4161,4083
Math21,3,1901,1898
Math22,3,1,-2
Math23,68,1880,1812
Math24,85,1977,1892
Math25,2,455,453
Math26,39,1858,1819
Math27,1,22,21
Math28,2,3020,3018
Math29,5,6,1
Math30,12,433,421
Math31,71,587,516
Math32,1,4,3
Math33,65,2967,2902
Math34,2,46,44
Math35,2,110,108
Math36,1,24,23
Math37,7,4,-3
Math38,2,5,3
Math39,92,2042,1950
Math40,11,1514,1503
Math41,32,1265,1233
Math42,32,3005,2973
Math43,99,2092,1993
Math44,21,1739,1718
Math45,1,1067,1066
Math46,25,3,-22
Math47,53,3,-50
Math48,7,2589,2582
Math49,182,753,571
Math50,1,1,0
Math51,13,2216,2203
Math52,14,51,37
Math53,1,697,696
Math54,182,1,-181
Math55,1,1304,1303
Math56,2,20,18
Math57,1,2017,2016
Math58,645,2083,1438
Math59,410,2,-408
Math60,16,67,51
Math61,103,1,-102
Math62,36,150,114
Math63,3,1,-2
Math64,130,177,47
Math65,73,41,-32
Math66,378,710,332
Math67,297,8,-289
Math68,52,209,157
Math69,48,1422,1374
Math70,2,1,-1
Math71,1,1,0
Math72,6,1,-5
Math73,9,1,-8
Math74,520,2028,1508
Math75,1,1,0
Math76,17,1798,1781
Math77,2,19,17
Math78,26,366,340
Math79,3,343,340
Math80,7,14,7
Math81,2,2086,2084
Math82,1804,1804,0
Math83,2,1662,1660
Math84,41,123,82
Math85,30,282,252
Math86,111,406,295
Math87,77,1640,1563
Math88,1,1590,1589
Math89,1,1,0
Math90,3,54,51
Math91,1,1,0
Math92,1,6,5
Math93,1,7,6
Math94,6,204,198
Math95,5,145,140
Math96,8,107,99
Math97,1,99,98
Math98,6,246,240
Math99,7,4,-3
Math100,11,329,318
Math101,23,71,48
Math102,1,3,2
Math103,14,191,177
Math105,68,68,0
Math106,42,50,8
Mockito1,3,2,-1
Mockito2,119,1191,1072
Mockito3,43,1216,1173
Mockito4,19,5,-14
Mockito5,3065,2952,-113
Mockito6,1,1,0
Mockito7,9,1111,1102
Mockito8,58,156,98
Mockito9,57,1076,1019
Mockito10,12,872,860
Mockito11,1,93,92
Mockito12,2,2,0
Mockito13,37,1030,993
Mockito14,32,868,836
Mockito15,116,859,743
Mockito16,4,197,193
Mockito17,1,385,384
Mockito18,6,647,641
Mockito19,18,658,640
Mockito20,529,163,-366
Mockito21,3,399,396
Mockito22,7,608,601
Mockito23,24,915,891
Mockito24,20,796,776
Mockito25,3,1261,1258
Mockito26,2984,-1,-1
Mockito27,14,590,576
Mockito28,181,853,672
Mockito29,63,730,667
Mockito30,1,204,203
Mockito31,9,141,132
Mockito32,108,444,336
Mockito33,176,1120,944
Mockito34,168,1590,1422
Mockito35,3,85,82
Mockito36,4,1019,1015
Mockito37,48,810,762
Mockito38,21,647,626
Time1,3,1230,1227
Time2,9,1988,1979
Time3,7,1567,1560
Time4,13,4327,4314
Time5,10,1772,1762
Time6,2,14,12
Time7,16,3795,3779
Time8,7,1233,1226
Time9,5,1192,1187
Time10,36,4378,4342
Time11,183,3411,3228
Time12,4,3,-1
Time13,53,2684,2631
Time14,3,2448,2445
Time15,4,104,100
Time16,112,1687,1575
Time17,4,639,635
Time18,4,2268,2264
Time19,222,5379,5157
Time20,384,1551,1167
Time21,11,21,10
Time22,15,2791,2776
Time23,10,1301,1291
Time24,285,5554,5269
Time25,975,5329,4354
Time26,598,2097,1499
Time27,132,4502,4370
