Project,MinRank1,MinRank2,Difference
Chart1,18,4997,4979
Chart2,30,1010,980
Chart3,8,367,359
Chart4,70,22992,22922
Chart5,6,137,131
Chart6,94,650,556
Chart7,70,435,365
Chart8,8,116,108
Chart9,57,411,354
Chart10,3,3,0
Chart11,3,142,139
Chart12,30,2328,2298
Chart13,112,47,-65
Chart14,48,6,-42
Chart15,6,5674,5668
Chart16,2,1,-1
Chart17,1,626,625
Chart18,1,3,2
Chart19,21,1,-20
Chart20,20,448,428
Chart21,4,3,-1
Chart22,1,12,11
Chart24,1,3,2
Chart25,334,2640,2306
Chart26,28,134,106
Closure1,1702,21998,20296
Closure2,106,5968,5862
Closure3,154,11851,11697
Closure4,11,11222,11211
Closure5,29,9551,9522
Closure6,12,1,-11
Closure7,148,2,-146
Closure8,53,8719,8666
Closure9,2,1,-1
Closure10,82,7124,7042
Closure11,335,14008,13673
Closure12,807,15178,14371
Closure13,5558,24214,18656
Closure14,12,6287,6275
Closure15,42,10348,10306
Closure16,228,11567,11339
Closure17,29,6665,6636
Closure18,2298,17361,15063
Closure19,43,1,-42
Closure20,73,2,-71
Closure21,14,51,37
Closure22,25,2,-23
Closure23,129,8,-121
Closure24,3,1,-2
Closure25,109,8962,8853
Closure26,359,5,-354
Closure27,7,3,-4
Closure29,269,18968,18699
Closure30,62,11758,11696
Closure31,1779,16568,14789
Closure32,218,7508,7290
Closure33,142,11392,11250
Closure34,361,1603,1242
Closure35,210,5691,5481
Closure36,410,17315,16905
Closure37,1884,16628,14744
Closure38,439,11140,10701
Closure39,38,789,751
Closure40,71,11391,11320
Closure41,392,12952,12560
Closure42,2,1852,1850
Closure43,25,12326,12301
Closure44,905,11138,10233
Closure45,160,10809,10649
Closure46,23,817,794
Closure47,11,336,325
Closure48,78,11706,11628
Closure49,1919,14368,12449
Closure50,118,6829,6711
Closure51,357,10526,10169
Closure52,45,5924,5879
Closure53,41,7967,7926
Closure54,444,9207,8763
Closure55,217,11935,11718
Closure56,3,5824,5821
Closure57,196,4194,3998
Closure58,1,5694,5693
Closure59,8588,25904,17316
Closure60,652,9727,9075
Closure61,137,9300,9163
Closure62,1,40,39
Closure63,1,40,39
Closure64,186,15912,15726
Closure65,246,13,-233
Closure66,1145,12718,11573
Closure67,137,9850,9713
Closure68,11,48,37
Closure69,325,11783,11458
Closure70,1036,13038,12002
Closure71,48,8694,8646
Closure72,259,7045,6786
Closure73,345,9280,8935
Closure74,19,8071,8052
Closure75,64,8,-56
Closure76,4,5796,5792
Closure77,244,188,-56
Closure78,247,1,-246
Closure79,11,6210,6199
Closure80,10,3361,3351
Closure81,146,3041,2895
Closure82,3902,14561,10659
Closure83,11,14934,14923
Closure84,177,2530,2353
Closure85,34,3009,2975
Closure86,212,5505,5293
Closure87,119,8924,8805
Closure88,387,69,-318
Closure89,160,11574,11414
Closure90,87,6238,6151
Closure91,504,11997,11493
Closure92,7,5866,5859
Closure93,7,5879,5872
Closure94,424,863,439
Closure95,2358,14561,12203
Closure96,32,10100,10068
Closure97,64,1,-63
Closure98,213,11500,11287
Closure99,52,345,293
Closure100,2,6873,6871
Closure101,21984,21984,0
Closure102,4476,21975,17499
Closure103,65,10288,10223
Closure104,60,939,879
Closure105,87,7,-80
Closure106,7,26,19
Closure107,201,23500,23299
Closure108,26,12844,12818
Closure109,1,2804,2803
Closure110,181,4586,4405
Closure111,7,2748,2741
Closure112,73,10505,10432
Closure113,12,7843,7831
Closure114,182,15351,15169
Closure115,535,8,-527
Closure116,278,15601,15323
Closure117,40,9975,9935
Closure118,258,6331,6073
Closure120,32,10121,10089
Closure121,361,14822,14461
Closure122,10,1599,1589
Closure123,41,9114,9073
Closure124,4,8857,8853
Closure125,121,13046,12925
Closure126,172,5,-167
Closure127,665,9473,8808
Closure128,127,6110,5983
Closure129,4118,25226,21108
Closure130,498,16546,16048
Closure131,96,11860,11764
Closure132,146,7561,7415
Closure133,251,4229,3978
Lang1,1,1564,1563
Lang2,3,78,75
Lang3,2,1570,1568
Lang4,3,20,17
Lang5,1,6,5
Lang6,86,2781,2695
Lang7,2,1471,1469
Lang8,21,64,43
Lang9,359,648,289
Lang10,139,486,347
Lang11,5,20,15
Lang12,1,6,5
Lang13,4,5,1
Lang14,1,1289,1288
Lang15,209,1910,1701
Lang16,72,1446,1374
Lang17,20,1221,1201
Lang18,48,223,175
Lang19,1,20,19
Lang20,1,39,38
Lang21,2,2,0
Lang22,40,229,189
Lang24,1,64,63
Lang26,7,245,238
Lang27,30,1353,1323
Lang28,1,10,9
Lang30,1,208,207
Lang31,1,1585,1584
Lang32,1,1160,1159
Lang33,2,7,5
Lang34,188,627,439
Lang35,1,2,1
Lang36,35,46,11
Lang37,1,767,766
Lang38,5,3,-2
Lang39,10,47,37
Lang40,1,2,1
Lang41,3,121,118
Lang42,22,350,328
Lang43,4,6,2
Lang44,10,12,2
Lang45,3,10,7
Lang46,1,7,6
Lang47,5,134,129
Lang48,2,212,210
Lang49,2,1,-1
Lang50,12,3,-9
Lang53,2,158,156
Lang54,1,8,7
Lang55,6,42,36
Lang57,2,6,4
Lang58,953,937,-16
Lang59,1,96,95
Lang60,7,2,-5
Lang61,1,583,582
Lang62,14,71,57
Lang63,1,1,0
Lang64,8,1093,1085
Lang65,2,158,156
Math1,25,30,5
Math2,42,1777,1735
Math3,2,257,255
Math4,6,2098,2092
Math5,1,1,0
Math6,58,170,112
Math7,12,1451,1439
Math8,1,4,3
Math9,1,1,0
Math10,100,479,379
Math11,71,4295,4224
Math13,75,5559,5484
Math14,86,4603,4517
Math15,124,2364,2240
Math16,242,1139,897
Math17,51,648,597
Math18,27,1579,1552
Math19,27,1669,1642
Math20,121,4161,4040
Math21,6,1901,1895
Math22,1,1,0
Math23,141,1880,1739
Math24,141,1977,1836
Math25,2,455,453
Math26,9,1858,1849
Math27,1,22,21
Math28,3,3020,3017
Math29,1,6,5
Math30,17,433,416
Math31,95,587,492
Math32,4,4,0
Math33,21,2967,2946
Math34,1,46,45
Math35,4,110,106
Math36,1,24,23
Math37,13,4,-9
Math38,2,5,3
Math39,101,2042,1941
Math40,16,1514,1498
Math41,35,1265,1230
Math42,52,3005,2953
Math43,160,2092,1932
Math44,25,1739,1714
Math45,2,1067,1065
Math46,4,3,-1
Math47,16,3,-13
Math48,12,2589,2577
Math49,18,753,735
Math50,1,1,0
Math51,25,2216,2191
Math52,14,51,37
Math53,4,697,693
Math54,185,1,-184
Math55,2,1304,1302
Math56,4,20,16
Math57,1,2017,2016
Math58,424,2083,1659
Math59,364,2,-362
Math60,29,67,38
Math61,81,1,-80
Math62,121,150,29
Math63,1,1,0
Math64,137,177,40
Math65,16,41,25
Math66,493,710,217
Math67,86,8,-78
Math68,45,209,164
Math69,60,1422,1362
Math70,1,1,0
Math71,1,1,0
Math72,3,1,-2
Math73,15,1,-14
Math74,731,2028,1297
Math75,1,1,0
Math76,26,1798,1772
Math77,4,19,15
Math78,31,366,335
Math79,3,343,340
Math80,8,14,6
Math81,3,2086,2083
Math82,1804,1804,0
Math83,4,1662,1658
Math84,57,123,66
Math85,44,282,238
Math86,122,406,284
Math87,106,1640,1534
Math88,1,1590,1589
Math89,1,1,0
Math90,3,54,51
Math91,1,1,0
Math92,2,6,4
Math93,2,7,5
Math94,5,204,199
Math95,12,145,133
Math96,6,107,101
Math97,3,99,96
Math98,2,246,244
Math99,1,4,3
Math100,8,329,321
Math101,36,71,35
Math102,1,3,2
Math103,29,191,162
Math105,68,68,0
Math106,19,50,31
Mockito1,1,2,1
Mockito2,130,1191,1061
Mockito3,29,1216,1187
Mockito4,10,5,-5
Mockito5,3065,2952,-113
Mockito6,1,1,0
Mockito7,15,1111,1096
Mockito8,32,156,124
Mockito9,26,1076,1050
Mockito10,15,872,857
Mockito11,1,93,92
Mockito12,1,2,1
Mockito13,38,1030,992
Mockito14,50,868,818
Mockito15,145,859,714
Mockito16,7,197,190
Mockito17,1,385,384
Mockito18,2,647,645
Mockito19,20,658,638
Mockito20,463,163,-300
Mockito21,2,399,397
Mockito22,6,608,602
Mockito23,20,915,895
Mockito24,6,796,790
Mockito25,7,1261,1254
Mockito26,3018,-1,-1
Mockito27,25,590,565
Mockito28,187,853,666
Mockito29,79,730,651
Mockito30,1,204,203
Mockito31,9,141,132
Mockito32,124,444,320
Mockito33,216,1120,904
Mockito34,73,1590,1517
Mockito35,6,85,79
Mockito36,7,1019,1012
Mockito37,58,810,752
Mockito38,26,647,621
Time1,3,1230,1227
Time2,15,1988,1973
Time3,8,1567,1559
Time4,1,4327,4326
Time5,11,1772,1761
Time6,5,14,9
Time7,45,3795,3750
Time8,21,1233,1212
Time9,22,1192,1170
Time10,120,4378,4258
Time11,277,3411,3134
Time12,1,3,2
Time13,54,2684,2630
Time14,13,2448,2435
Time15,1,104,103
Time16,111,1687,1576
Time17,2,639,637
Time18,5,2268,2263
Time19,449,5379,4930
Time20,729,1551,822
Time21,6,21,15
Time22,15,2791,2776
Time23,25,1301,1276
Time24,331,5554,5223
Time25,475,5329,4854
Time26,85,2097,2012
Time27,227,4502,4275
