Project,now,before,Difference
Lang-32,15,24,9
Lang-24,27,159,132
Lang-40,1,4,3
Lang-4,1,3,2
Lang-19,1,14,13
Lang-35,2,22,20
Lang-50,91,137,46
Lang-29,-1,-1,0
Lang-14,1,5,4
Lang-2,9,4,-5
Lang-49,9,28,19
Lang-47,38,35,-3
Lang-5,4,6,2
Lang-16,48,47,-1
Lang-3,41,48,7
Lang-11,7,6,-1
Lang-6,21,71,50
Lang-13,3,33,30
Lang-23,-1,-1,0
Lang-17,4,56,52
Lang-18,33,47,14
Lang-63,5,25,20
Lang-26,54,87,33
Lang-31,3,26,23
Lang-61,6,27,21
Lang-65,5,9,4
Lang-60,20,27,7
Lang-52,-1,-1,0
Lang-53,35,16,-19
Lang-51,-1,-1,0
Lang-58,3,41,38
Lang-1,4,33,29
Lang-59,5,12,7
Lang-22,14,22,8
Lang-39,37,26,-11
Lang-56,-1,-1,0
Lang-28,4,30,26
Lang-41,5,38,33
Lang-21,3,4,1
Lang-43,10,27,17
Lang-45,17,11,-6
Lang-37,1,25,24
Lang-7,1,139,138
Lang-25,-1,-1,0
Lang-12,1,4,3
Lang-64,17,40,23
Lang-44,2,3,1
Lang-62,25,30,5
Lang-38,20,103,83
Lang-15,5,184,179
Lang-10,11,48,37
Lang-8,25,262,237
Lang-36,14,42,28
Lang-33,13,58,45
Lang-34,22,118,96
Lang-46,1,3,2
Lang-55,2,14,12
Lang-20,4,28,24
Lang-42,7,7,0
Lang-48,5,10,5
Lang-30,3,30,27
Lang-9,84,27,-57
Lang-57,5,6,1
Lang-54,14,14,0
Lang-27,33,151,118
Time-24,206,1794,1588
Time-4,167,357,190
Time-19,21,43,22
Time-14,36,704,668
Time-2,124,325,201
Time-5,19,275,256
Time-16,1317,1500,183
Time-3,888,274,-614
Time-11,374,1251,877
Time-6,223,576,353
Time-13,110,1090,980
Time-23,11,78,67
Time-17,82,149,67
Time-18,243,665,422
Time-26,93,439,346
Time-1,23,270,247
Time-22,130,302,172
Time-21,10,324,314
Time-7,69,1512,1443
Time-25,38,205,167
Time-12,756,1582,826
Time-15,3,2,-1
Time-10,43,299,256
Time-8,81,67,-14
Time-20,911,1774,863
Time-9,107,65,-42
Time-27,72,1125,1053
Math-69,60,161,101
Math-32,10,300,290
Math-73,32,23,-9
Math-24,13,142,129
Math-40,114,70,-44
Math-4,139,91,-48
Math-91,32,14,-18
Math-74,97,938,841
Math-106,69,58,-11
Math-19,190,450,260
Math-35,6,3,-3
Math-78,2,121,119
Math-103,9,45,36
Math-50,10,66,56
Math-29,37,195,158
Math-87,4,210,206
Math-14,18,125,107
Math-81,8,125,117
Math-2,53,44,-9
Math-49,219,22,-197
Math-47,14,14,0
Math-92,1,14,13
Math-86,13,17,4
Math-66,3,28,25
Math-75,2,28,26
Math-82,46,122,76
Math-76,44,473,429
Math-93,1,2,1
Math-5,4,14,10
Math-67,228,32,-196
Math-16,192,252,60
Math-3,5,3,-2
Math-11,35,40,5
Math-6,94,23,-71
Math-13,57,150,93
Math-23,1,130,129
Math-17,53,289,236
Math-18,341,622,281
Math-63,2,3,1
Math-26,175,360,185
Math-31,36,64,28
Math-61,201,34,-167
Math-77,9,29,20
Math-65,208,178,-30
Math-60,27,25,-2
Math-52,46,30,-16
Math-53,1,12,11
Math-51,11,67,56
Math-58,259,429,170
Math-97,6,9,3
Math-1,348,406,58
Math-59,682,921,239
Math-22,18,74,56
Math-39,91,201,110
Math-100,159,33,-126
Math-56,24,337,313
Math-28,55,209,154
Math-41,56,81,25
Math-21,17,140,123
Math-96,8,14,6
Math-43,26,35,9
Math-68,4,66,62
Math-45,1,5,4
Math-37,199,246,47
Math-83,24,217,193
Math-7,151,190,39
Math-25,4,46,42
Math-85,14,33,19
Math-90,1,4,3
Math-89,1,4,3
Math-95,2,32,30
Math-12,-1,-1,0
Math-88,10,235,225
Math-64,2,98,96
Math-101,19,36,17
Math-71,23,401,378
Math-99,14,24,10
Math-105,4,25,21
Math-44,3,132,129
Math-62,52,128,76
Math-94,2,1,-1
Math-84,2,83,81
Math-79,3,35,32
Math-38,79,143,64
Math-15,100,314,214
Math-10,218,210,-8
Math-98,13,27,14
Math-102,13,55,42
Math-8,24,26,2
Math-36,342,356,14
Math-33,69,305,236
Math-72,47,19,-28
Math-104,-1,-1,0
Math-34,13,32,19
Math-46,126,16,-110
Math-80,61,328,267
Math-55,3,20,17
Math-20,1,611,610
Math-42,61,319,258
Math-48,6,68,62
Math-30,106,58,-48
Math-9,8,10,2
Math-57,25,46,21
Math-54,364,557,193
Math-27,15,28,13
Math-70,3,13,10
Chart-24,3,10,7
Chart-4,31,331,300
Chart-19,118,487,369
Chart-14,227,329,102
Chart-2,85,108,23
Chart-5,3,44,41
Chart-16,26,19,-7
Chart-3,19,86,67
Chart-11,1,5,4
Chart-6,8,38,30
Chart-13,127,147,20
Chart-23,-1,-1,0
Chart-17,6,63,57
Chart-18,1,20,19
Chart-26,80,172,92
Chart-1,29,350,321
Chart-22,1,65,64
Chart-21,18,106,88
Chart-7,26,80,54
Chart-25,340,2879,2539
Chart-12,162,151,-11
Chart-15,33,399,366
Chart-10,1,3,2
Chart-8,7,8,1
Chart-20,8,22,14
Chart-9,18,146,128
Mockito-32,216,149,-67
Mockito-24,205,710,505
Mockito-4,326,634,308
Mockito-19,27,245,218
Mockito-35,117,423,306
Mockito-29,43,371,328
Mockito-14,66,78,12
Mockito-2,22,3,-19
Mockito-5,4060,4060,0
Mockito-16,48,8,-40
Mockito-3,275,374,99
Mockito-11,1,177,176
Mockito-6,526,856,330
Mockito-13,70,67,-3
Mockito-23,185,634,449
Mockito-17,18,63,45
Mockito-18,67,233,166
Mockito-26,-1,-1,0
Mockito-31,44,199,155
Mockito-1,29,154,125
Mockito-22,69,155,86
Mockito-28,19,131,112
Mockito-21,75,158,83
Mockito-37,196,210,14
Mockito-7,77,600,523
Mockito-25,46,418,372
Mockito-12,7,5,-2
Mockito-38,11,78,67
Mockito-15,51,175,124
Mockito-10,65,407,342
Mockito-8,41,14,-27
Mockito-36,58,164,106
Mockito-33,60,271,211
Mockito-34,52,259,207
Mockito-20,40,229,189
Mockito-30,3,14,11
Mockito-9,619,1827,1208
Mockito-27,214,630,416
Closure-69,1441,2907,1466
Closure-127,281,1286,1005
Closure-32,320,718,398
Closure-119,-1,-1,0
Closure-73,688,1964,1276
Closure-24,230,1309,1079
Closure-40,927,1012,85
Closure-120,33,2913,2880
Closure-4,581,4379,3798
Closure-91,717,62,-655
Closure-74,1171,927,-244
Closure-109,7,162,155
Closure-106,298,2011,1713
Closure-19,580,3558,2978
Closure-35,652,2308,1656
Closure-78,2290,1058,-1232
Closure-103,214,1969,1755
Closure-122,84,239,155
Closure-50,168,1190,1022
Closure-29,773,1122,349
Closure-87,53,1011,958
Closure-133,1,617,616
Closure-14,93,440,347
Closure-81,76,123,47
Closure-2,701,2237,1536
Closure-49,6,673,667
Closure-107,361,585,224
Closure-47,1464,2560,1096
Closure-126,1104,910,-194
Closure-92,280,955,675
Closure-86,91,1996,1905
Closure-66,1156,2746,1590
Closure-75,1183,2418,1235
Closure-82,146,207,61
Closure-130,180,462,282
Closure-76,423,961,538
Closure-123,974,2062,1088
Closure-93,280,955,675
Closure-5,727,1153,426
Closure-67,245,99,-146
Closure-16,212,1131,919
Closure-3,400,1432,1032
Closure-11,1,2770,2769
Closure-6,3810,4377,567
Closure-121,549,968,419
Closure-13,1866,4076,2210
Closure-23,593,981,388
Closure-113,41,1207,1166
Closure-17,2199,3832,1633
Closure-124,60,812,752
Closure-108,98,1442,1344
Closure-18,78,550,472
Closure-63,4,47,43
Closure-26,2197,2294,97
Closure-31,77,402,325
Closure-61,290,1918,1628
Closure-77,1327,1940,613
Closure-65,1728,2378,650
Closure-132,231,1152,921
Closure-60,682,2771,2089
Closure-52,518,2024,1506
Closure-53,519,1016,497
Closure-51,49,104,55
Closure-58,356,775,419
Closure-97,1004,702,-302
Closure-1,111,1426,1315
Closure-59,502,473,-29
Closure-22,637,2852,2215
Closure-39,229,989,760
Closure-100,5,1435,1430
Closure-56,14,633,619
Closure-28,-1,-1,0
Closure-114,486,1176,690
Closure-41,1745,2116,371
Closure-21,763,2852,2089
Closure-117,833,3025,2192
Closure-96,106,2670,2564
Closure-43,745,3486,2741
Closure-68,427,145,-282
Closure-45,558,1763,1205
Closure-37,58,660,602
Closure-83,88,96,8
Closure-7,367,1482,1115
Closure-25,343,1594,1251
Closure-85,137,1066,929
Closure-90,682,1922,1240
Closure-89,284,990,706
Closure-95,463,1556,1093
Closure-12,1,1797,1796
Closure-88,266,915,649
Closure-64,181,521,340
Closure-101,239,573,334
Closure-118,2136,1470,-666
Closure-71,1712,2552,840
Closure-99,342,28,-314
Closure-105,851,636,-215
Closure-44,260,90,-170
Closure-62,4,47,43
Closure-94,1955,1467,-488
Closure-116,341,383,42
Closure-84,88,107,19
Closure-79,472,1805,1333
Closure-129,206,1000,794
Closure-38,217,107,-110
Closure-15,1362,1356,-6
Closure-10,472,2883,2411
Closure-98,1,1282,1281
Closure-102,268,2811,2543
Closure-8,434,526,92
Closure-36,825,3702,2877
Closure-33,874,5170,4296
Closure-72,449,1086,637
Closure-104,145,886,741
Closure-128,457,1958,1501
Closure-34,190,26,-164
Closure-46,357,690,333
Closure-125,1065,2672,1607
Closure-110,923,2645,1722
Closure-112,2987,2379,-608
Closure-80,1,1629,1628
Closure-55,480,928,448
Closure-20,572,1350,778
Closure-42,323,165,-158
Closure-48,1709,3583,1874
Closure-131,480,2230,1750
Closure-30,247,1209,962
Closure-9,3,10,7
Closure-111,270,1314,1044
Closure-115,398,878,480
Closure-57,586,1730,1144
Closure-54,132,1634,1502
Closure-27,69,43,-26
Closure-70,1008,3013,2005
