Project,now,before,Difference
Chart1,26,42,16
Chart2,122,137,15
Chart3,1,3,2
Chart4,427,17,-410
Chart5,1,8,7
Chart6,21,16,-5
Chart7,45,81,36
Chart8,2,1,-1
Chart9,12,14,2
Chart10,1,3,2
Chart11,11,5,-6
Chart12,46,13,-33
Chart13,42,47,5
Chart14,334,317,-17
Chart15,59,29,-30
Chart16,15,1,-14
Chart17,2,2,0
Chart18,4,3,-1
Chart19,465,474,9
Chart20,12,5,-7
Chart21,3,3,0
Chart22,67,61,-6
Chart24,1,3,2
Chart25,2679,2745,66
Chart26,1253,134,-1119
Closure1,1262,121,-1141
Closure2,1663,1666,3
Closure3,533,275,-258
Closure4,647,157,-490
Closure5,114,154,40
Closure6,3350,3885,535
Closure7,655,909,254
Closure8,10,123,113
Closure9,1,1,0
Closure10,2675,2889,214
Closure11,3303,2641,-662
Closure12,1210,1081,-129
Closure13,5727,5651,-76
Closure14,32,1,-31
Closure15,48,185,137
Closure16,21,2,-19
Closure17,2628,2301,-327
Closure18,681,661,-20
Closure19,2278,2272,-6
Closure20,30,2,-28
Closure21,2725,2788,63
Closure22,2726,2787,61
Closure23,27,8,-19
Closure24,3,1,-2
Closure25,29,107,78
Closure26,1783,2181,398
Closure27,218,35,-183
Closure29,171,184,13
Closure30,153,102,-51
Closure31,461,409,-52
Closure32,641,673,32
Closure33,2857,2576,-281
Closure34,17,6,-11
Closure35,11,6,-5
Closure36,809,1062,253
Closure37,430,171,-259
Closure38,9,7,-2
Closure39,598,662,64
Closure40,32,35,3
Closure41,2210,2163,-47
Closure42,4,1,-3
Closure43,3018,2222,-796
Closure44,491,153,-338
Closure45,238,280,42
Closure46,29,1,-28
Closure47,2372,1914,-458
Closure48,2383,2324,-59
Closure49,389,96,-293
Closure50,6,76,70
Closure51,10,13,3
Closure52,2009,2028,19
Closure53,54,47,-7
Closure54,1294,1478,184
Closure55,301,329,28
Closure56,476,593,117
Closure57,1591,1729,138
Closure58,54,7,-47
Closure59,1680,2114,434
Closure60,1640,2348,708
Closure61,1908,1895,-13
Closure62,28,13,-15
Closure63,28,13,-15
Closure64,341,364,23
Closure65,2482,2328,-154
Closure66,3126,2557,-569
Closure67,314,116,-198
Closure68,7,3,-4
Closure69,2548,2275,-273
Closure70,3861,2295,-1566
Closure71,3385,2498,-887
Closure72,184,241,57
Closure73,1930,1977,47
Closure74,14,10,-4
Closure75,2228,2358,130
Closure76,49,79,30
Closure77,1935,1956,21
Closure78,37,1,-36
Closure79,1835,1676,-159
Closure80,1109,1615,506
Closure81,26,1,-25
Closure82,417,164,-253
Closure83,10,10,0
Closure84,25,9,-16
Closure85,10,86,76
Closure86,475,1947,1472
Closure87,153,150,-3
Closure88,44,69,25
Closure89,1123,133,-990
Closure90,3112,1579,-1533
Closure91,275,284,9
Closure92,344,85,-259
Closure93,345,85,-260
Closure94,393,1463,1070
Closure95,2467,1192,-1275
Closure96,2036,2028,-8
Closure97,41,1,-40
Closure98,293,425,132
Closure99,217,4,-213
Closure100,1504,1428,-76
Closure101,3544,2775,-769
Closure102,4613,4752,139
Closure103,1917,1805,-112
Closure104,233,533,300
Closure105,9,7,-2
Closure106,1404,1826,422
Closure107,132,132,0
Closure108,252,237,-15
Closure109,243,137,-106
Closure110,2037,1931,-106
Closure111,30,1,-29
Closure112,40,64,24
Closure113,14,17,3
Closure114,290,215,-75
Closure115,3,8,5
Closure116,36,3,-33
Closure117,1771,1845,74
Closure118,279,2,-277
Closure120,2747,2413,-334
Closure121,335,388,53
Closure122,212,233,21
Closure123,2229,2096,-133
Closure124,56,10,-46
Closure125,1752,1913,161
Closure126,47,5,-42
Closure127,380,187,-193
Closure128,1734,1949,215
Closure129,294,330,36
Closure130,411,545,134
Closure131,1594,1696,102
Closure132,23,80,57
Closure133,586,597,11
Lang1,7,3,-4
Lang2,4,3,-1
Lang3,9,3,-6
Lang4,2,2,0
Lang5,1,1,0
Lang6,88,98,10
Lang7,113,122,9
Lang8,173,189,16
Lang9,45,55,10
Lang10,66,17,-49
Lang11,3,3,0
Lang12,2,4,2
Lang13,2,5,3
Lang14,1,4,3
Lang15,96,12,-84
Lang16,7,27,20
Lang17,86,102,16
Lang18,61,41,-20
Lang19,1,6,5
Lang20,20,27,7
Lang21,1,2,1
Lang22,9,14,5
Lang24,29,64,35
Lang26,12,7,-5
Lang27,128,127,-1
Lang28,1,3,2
Lang30,24,30,6
Lang31,2,4,2
Lang32,4,26,22
Lang33,3,7,4
Lang34,49,5,-44
Lang35,5,2,-3
Lang36,58,42,-16
Lang37,1,6,5
Lang38,1,3,2
Lang39,10,27,17
Lang40,2,2,0
Lang41,37,38,1
Lang42,12,13,1
Lang43,1,6,5
Lang44,6,3,-3
Lang45,8,10,2
Lang46,1,1,0
Lang47,38,35,-3
Lang48,2,2,0
Lang49,2,1,-1
Lang50,51,134,83
Lang53,20,16,-4
Lang54,7,3,-4
Lang55,6,7,1
Lang57,3,6,3
Lang58,32,20,-12
Lang59,3,6,3
Lang60,18,2,-16
Lang61,7,8,1
Lang62,1,4,3
Lang63,2,1,-1
Lang64,1,4,3
Lang65,11,7,-4
Math1,345,356,11
Math2,35,44,9
Math3,10,3,-7
Math4,73,76,3
Math5,2,1,-1
Math6,39,70,31
Math7,130,42,-88
Math8,1,4,3
Math9,1,1,0
Math10,9,12,3
Math11,40,31,-9
Math13,118,159,41
Math14,130,99,-31
Math15,236,217,-19
Math16,252,252,0
Math17,260,258,-2
Math18,19,14,-5
Math19,35,56,21
Math20,801,598,-203
Math21,30,41,11
Math22,43,53,10
Math23,149,148,-1
Math24,150,150,0
Math25,1,1,0
Math26,164,38,-126
Math27,3,1,-2
Math28,10,12,2
Math29,102,194,92
Math30,31,41,10
Math31,12,28,16
Math32,28,4,-24
Math33,53,44,-9
Math34,2,3,1
Math35,1,3,2
Math36,114,356,242
Math37,252,249,-3
Math38,9,5,-4
Math39,90,117,27
Math40,53,33,-20
Math41,21,43,22
Math42,93,72,-21
Math43,97,44,-53
Math44,53,14,-39
Math45,1,1,0
Math46,1,1,0
Math47,2,2,0
Math48,304,355,51
Math49,6,7,1
Math50,1,1,0
Math51,41,30,-11
Math52,24,22,-2
Math53,2,1,-1
Math54,317,306,-11
Math55,1,1,0
Math56,7,20,13
Math57,6,4,-2
Math58,590,545,-45
Math59,126,2,-124
Math60,37,36,-1
Math61,54,1,-53
Math62,2,128,126
Math63,2,1,-1
Math64,184,143,-41
Math65,75,41,-34
Math66,7,35,28
Math67,172,8,-164
Math68,126,127,1
Math69,22,44,22
Math70,1,1,0
Math71,200,277,77
Math72,7,1,-6
Math73,4,1,-3
Math74,703,777,74
Math75,3,1,-2
Math76,47,99,52
Math77,7,21,14
Math78,110,117,7
Math79,8,29,21
Math80,1,14,13
Math81,13,10,-3
Math82,149,151,2
Math83,27,40,13
Math84,28,34,6
Math85,84,77,-7
Math86,74,18,-56
Math87,126,115,-11
Math88,1,1,0
Math89,1,1,0
Math90,3,3,0
Math91,2,1,-1
Math92,2,2,0
Math93,1,2,1
Math94,15,6,-9
Math95,3,15,12
Math96,6,5,-1
Math97,2,1,-1
Math98,10,4,-6
Math99,27,27,0
Math100,23,9,-14
Math101,38,12,-26
Math102,5,3,-2
Math103,34,32,-2
Math105,7,25,18
Math106,10,10,0
Mockito1,202,2,-200
Mockito2,1,3,2
Mockito3,21,1,-20
Mockito4,687,633,-54
Mockito5,3066,3066,0
Mockito6,855,856,1
Mockito7,41,50,9
Mockito8,18,31,13
Mockito9,1683,1683,0
Mockito10,33,12,-21
Mockito11,1,1,0
Mockito12,10,2,-8
Mockito13,123,85,-38
Mockito14,74,96,22
Mockito15,161,178,17
Mockito16,3,4,1
Mockito17,3,4,1
Mockito18,1,5,4
Mockito19,4,12,8
Mockito20,65,29,-36
Mockito21,1,1,0
Mockito22,10,11,1
Mockito23,592,567,-25
Mockito24,544,619,75
Mockito25,5,46,41
Mockito27,488,507,19
Mockito28,219,198,-21
Mockito29,65,31,-34
Mockito30,14,1,-13
Mockito31,5,2,-3
Mockito32,62,2,-60
Mockito33,5,52,47
Mockito34,62,27,-35
Mockito35,423,423,0
Mockito36,1,1,0
Mockito37,26,3,-23
Mockito38,1,1,0
Time1,26,2,-24
Time2,26,3,-23
Time3,3,1,-2
Time4,11,30,19
Time5,44,2,-42
Time6,227,24,-203
Time7,55,16,-39
Time8,11,24,13
Time9,39,3,-36
Time10,5,188,183
Time11,428,448,20
Time12,1582,1581,-1
Time13,25,19,-6
Time14,267,4,-263
Time15,3,2,-1
Time16,1,7,6
Time17,8,5,-3
Time18,2,3,1
Time19,354,620,266
Time20,1700,1702,2
Time21,288,309,21
Time22,1,15,14
Time23,36,40,4
Time24,250,458,208
Time25,172,187,15
Time26,436,398,-38
Time27,248,346,98
