Project,MinRank1,MinRank2,Difference
Chart1,18,42,24
Chart2,69,137,68
Chart3,6,3,-3
Chart4,25,17,-8
Chart5,1,8,7
Chart6,7,16,9
Chart7,20,81,61
Chart8,4,1,-3
Chart9,8,14,6
Chart10,1,3,2
Chart11,1,5,4
Chart12,148,13,-135
Chart13,99,47,-52
Chart14,184,317,133
Chart15,19,29,10
Chart16,21,1,-20
Chart17,3,2,-1
Chart18,1,3,2
Chart19,90,474,384
Chart20,8,5,-3
Chart21,15,3,-12
Chart22,1,61,60
Chart24,2,3,1
Chart25,250,2745,2495
Chart26,75,134,59
Closure1,77,121,44
Closure2,401,1666,1265
Closure3,289,275,-14
Closure4,446,157,-289
Closure5,404,154,-250
Closure6,3626,3885,259
Closure7,247,909,662
Closure8,166,123,-43
Closure9,1,1,0
Closure10,247,2889,2642
Closure11,6,2641,2635
Closure12,2,1081,1079
Closure13,2229,5651,3422
Closure14,29,1,-28
Closure15,832,185,-647
Closure16,77,2,-75
Closure17,1759,2301,542
Closure18,54,661,607
Closure19,291,2272,1981
Closure20,253,2,-251
Closure21,459,2788,2329
Closure22,344,2787,2443
Closure23,282,8,-274
Closure24,52,1,-51
Closure25,98,107,9
Closure26,2278,2181,-97
Closure27,63,35,-28
Closure29,615,184,-431
Closure30,143,102,-41
Closure31,53,409,356
Closure32,241,673,432
Closure33,557,2576,2019
Closure34,171,6,-165
Closure35,269,6,-263
Closure36,473,1062,589
Closure37,44,171,127
Closure38,183,7,-176
Closure39,167,662,495
Closure40,704,35,-669
Closure41,1705,2163,458
Closure42,182,1,-181
Closure43,554,2222,1668
Closure44,275,153,-122
Closure45,300,280,-20
Closure46,310,1,-309
Closure47,1430,1914,484
Closure48,1398,2324,926
Closure49,6,96,90
Closure50,55,76,21
Closure51,26,13,-13
Closure52,271,2028,1757
Closure53,235,47,-188
Closure54,138,1478,1340
Closure55,262,329,67
Closure56,7,593,586
Closure57,377,1729,1352
Closure58,115,7,-108
Closure59,823,2114,1291
Closure60,569,2348,1779
Closure61,203,1895,1692
Closure62,1,13,12
Closure63,1,13,12
Closure64,180,364,184
Closure65,1574,2328,754
Closure66,1111,2557,1446
Closure67,196,116,-80
Closure68,273,3,-270
Closure69,1348,2275,927
Closure70,992,2295,1303
Closure71,1500,2498,998
Closure72,243,241,-2
Closure73,451,1977,1526
Closure74,1037,10,-1027
Closure75,917,2358,1441
Closure76,319,79,-240
Closure77,1173,1956,783
Closure78,2159,1,-2158
Closure79,389,1676,1287
Closure80,1,1615,1614
Closure81,54,1,-53
Closure82,145,164,19
Closure83,48,10,-38
Closure84,73,9,-64
Closure85,54,86,32
Closure86,62,1947,1885
Closure87,12,150,138
Closure88,208,69,-139
Closure89,245,133,-112
Closure90,481,1579,1098
Closure91,710,284,-426
Closure92,125,85,-40
Closure93,125,85,-40
Closure94,1879,1463,-416
Closure95,533,1192,659
Closure96,44,2028,1984
Closure97,788,1,-787
Closure98,1,425,424
Closure99,252,4,-248
Closure100,9,1428,1419
Closure101,398,2775,2377
Closure102,407,4752,4345
Closure103,74,1805,1731
Closure104,69,533,464
Closure105,568,7,-561
Closure106,183,1826,1643
Closure107,85,132,47
Closure108,21,237,216
Closure109,1,137,136
Closure110,708,1931,1223
Closure111,56,1,-55
Closure112,2411,64,-2347
Closure113,4,17,13
Closure114,267,215,-52
Closure115,326,8,-318
Closure116,310,3,-307
Closure117,488,1845,1357
Closure118,1751,2,-1749
Closure120,23,2413,2390
Closure121,363,388,25
Closure122,44,233,189
Closure123,673,2096,1423
Closure124,10,10,0
Closure125,673,1913,1240
Closure126,972,5,-967
Closure127,230,187,-43
Closure128,240,1949,1709
Closure129,220,330,110
Closure130,96,545,449
Closure131,325,1696,1371
Closure132,75,80,5
Closure133,6,597,591
Lang1,4,3,-1
Lang2,8,3,-5
Lang3,28,3,-25
Lang4,2,2,0
Lang5,3,1,-2
Lang6,18,98,80
Lang7,1,122,121
Lang8,15,189,174
Lang9,91,55,-36
Lang10,8,17,9
Lang11,6,3,-3
Lang12,1,4,3
Lang13,3,5,2
Lang14,1,4,3
Lang15,5,12,7
Lang16,44,27,-17
Lang17,10,102,92
Lang18,15,41,26
Lang19,1,6,5
Lang20,3,27,24
Lang21,2,2,0
Lang22,13,14,1
Lang24,24,64,40
Lang26,42,7,-35
Lang27,29,127,98
Lang28,2,3,1
Lang30,1,30,29
Lang31,2,4,2
Lang32,12,26,14
Lang33,4,7,3
Lang34,21,5,-16
Lang35,2,2,0
Lang36,11,42,31
Lang37,1,6,5
Lang38,7,3,-4
Lang39,34,27,-7
Lang40,1,2,1
Lang41,2,38,36
Lang42,6,13,7
Lang43,6,6,0
Lang44,2,3,1
Lang45,16,10,-6
Lang46,1,1,0
Lang47,38,35,-3
Lang48,3,2,-1
Lang49,6,1,-5
Lang50,68,134,66
Lang53,31,16,-15
Lang54,6,3,-3
Lang55,1,7,6
Lang57,3,6,3
Lang58,3,20,17
Lang59,4,6,2
Lang60,12,2,-10
Lang61,4,8,4
Lang62,14,4,-10
Lang63,3,1,-2
Lang64,14,4,-10
Lang65,3,7,4
Math1,302,356,54
Math2,39,44,5
Math3,5,3,-2
Math4,118,76,-42
Math5,3,1,-2
Math6,115,70,-45
Math7,100,42,-58
Math8,15,4,-11
Math9,1,1,0
Math10,179,12,-167
Math11,26,31,5
Math13,57,159,102
Math14,26,99,73
Math15,79,217,138
Math16,239,252,13
Math17,27,258,231
Math18,242,14,-228
Math19,155,56,-99
Math20,1,598,597
Math21,8,41,33
Math22,8,53,45
Math23,1,148,147
Math24,17,150,133
Math25,3,1,-2
Math26,151,38,-113
Math27,1,1,0
Math28,18,12,-6
Math29,25,194,169
Math30,78,41,-37
Math31,28,28,0
Math32,1,4,3
Math33,51,44,-7
Math34,10,3,-7
Math35,10,3,-7
Math36,329,356,27
Math37,182,249,67
Math38,32,5,-27
Math39,87,117,30
Math40,102,33,-69
Math41,38,43,5
Math42,44,72,28
Math43,23,44,21
Math44,17,14,-3
Math45,1,1,0
Math46,200,1,-199
Math47,8,2,-6
Math48,6,355,349
Math49,421,7,-414
Math50,2,1,-1
Math51,5,30,25
Math52,16,22,6
Math53,1,1,0
Math54,310,306,-4
Math55,2,1,-1
Math56,3,20,17
Math57,16,4,-12
Math58,289,545,256
Math59,634,2,-632
Math60,8,36,28
Math61,179,1,-178
Math62,49,128,79
Math63,1,1,0
Math64,3,143,140
Math65,156,41,-115
Math66,2,35,33
Math67,220,8,-212
Math68,4,127,123
Math69,51,44,-7
Math70,2,1,-1
Math71,2,277,275
Math72,42,1,-41
Math73,22,1,-21
Math74,143,777,634
Math75,1,1,0
Math76,33,99,66
Math77,7,21,14
Math78,1,117,116
Math79,2,29,27
Math80,27,14,-13
Math81,2,10,8
Math82,41,151,110
Math83,14,40,26
Math84,2,34,32
Math85,13,77,64
Math86,12,18,6
Math87,4,115,111
Math88,3,1,-2
Math89,1,1,0
Math90,2,3,1
Math91,20,1,-19
Math92,1,2,1
Math93,1,2,1
Math94,7,6,-1
Math95,1,15,14
Math96,6,5,-1
Math97,2,1,-1
Math98,7,4,-3
Math99,12,27,15
Math100,176,9,-167
Math101,17,12,-5
Math102,8,3,-5
Math103,6,32,26
Math105,3,25,22
Math106,66,10,-56
Mockito1,21,2,-19
Mockito2,253,3,-250
Mockito3,256,1,-255
Mockito4,283,633,350
Mockito5,3066,3066,0
Mockito6,440,856,416
Mockito7,49,50,1
Mockito8,52,31,-21
Mockito9,380,1683,1303
Mockito10,21,12,-9
Mockito11,1,1,0
Mockito12,15,2,-13
Mockito13,39,85,46
Mockito14,36,96,60
Mockito15,51,178,127
Mockito16,22,4,-18
Mockito17,1,4,3
Mockito18,48,5,-43
Mockito19,11,12,1
Mockito20,35,29,-6
Mockito21,42,1,-41
Mockito22,47,11,-36
Mockito23,172,567,395
Mockito24,173,619,446
Mockito25,33,46,13
Mockito26,2988,-1,-1
Mockito27,160,507,347
Mockito28,28,198,170
Mockito29,17,31,14
Mockito30,1,1,0
Mockito31,17,2,-15
Mockito32,159,2,-157
Mockito33,50,52,2
Mockito34,35,27,-8
Mockito35,92,423,331
Mockito36,31,1,-30
Mockito37,163,3,-160
Mockito38,5,1,-4
Time1,2,2,0
Time2,63,3,-60
Time3,699,1,-698
Time4,65,30,-35
Time5,8,2,-6
Time6,204,24,-180
Time7,41,16,-25
Time8,50,24,-26
Time9,73,3,-70
Time10,37,188,151
Time11,303,448,145
Time12,642,1581,939
Time13,51,19,-32
Time14,23,4,-19
Time15,3,2,-1
Time16,1207,7,-1200
Time17,32,5,-27
Time18,132,3,-129
Time19,21,620,599
Time20,820,1702,882
Time21,129,309,180
Time22,91,15,-76
Time23,9,40,31
Time24,190,458,268
Time25,25,187,162
Time26,75,398,323
Time27,65,346,281
