Project,MinRank1,MinRank2,Difference
Chart1,13,42,29
Chart2,75,137,62
Chart3,3,3,0
Chart4,24,17,-7
Chart5,1,8,7
Chart6,4,16,12
Chart7,25,81,56
Chart8,4,1,-3
Chart9,5,14,9
Chart10,1,3,2
Chart11,1,5,4
Chart12,117,13,-104
Chart13,90,47,-43
Chart14,219,317,98
Chart15,13,29,16
Chart16,17,1,-16
Chart17,1,2,1
Chart18,1,3,2
Chart19,127,474,347
Chart20,6,5,-1
Chart21,11,3,-8
Chart22,3,61,58
Chart24,2,3,1
Chart25,592,2745,2153
Chart26,64,134,70
Closure1,51,121,70
Closure2,542,1666,1124
Closure3,169,275,106
Closure4,280,157,-123
Closure5,165,154,-11
Closure6,3556,3885,329
Closure7,250,909,659
Closure8,44,123,79
Closure9,1,1,0
Closure10,579,2889,2310
Closure11,81,2641,2560
Closure12,2,1081,1079
Closure13,2690,5651,2961
Closure14,9,1,-8
Closure15,326,185,-141
Closure16,13,2,-11
Closure17,1787,2301,514
Closure18,45,661,616
Closure19,542,2272,1730
Closure20,57,2,-55
Closure21,910,2788,1878
Closure22,745,2787,2042
Closure23,63,8,-55
Closure24,14,1,-13
Closure25,24,107,83
Closure26,1328,2181,853
Closure27,56,35,-21
Closure29,916,184,-732
Closure30,61,102,41
Closure31,38,409,371
Closure32,168,673,505
Closure33,893,2576,1683
Closure34,153,6,-147
Closure35,146,6,-140
Closure36,314,1062,748
Closure37,28,171,143
Closure38,88,7,-81
Closure39,224,662,438
Closure40,285,35,-250
Closure41,1836,2163,327
Closure42,62,1,-61
Closure43,732,2222,1490
Closure44,223,153,-70
Closure45,126,280,154
Closure46,210,1,-209
Closure47,1326,1914,588
Closure48,1566,2324,758
Closure49,6,96,90
Closure50,18,76,58
Closure51,13,13,0
Closure52,462,2028,1566
Closure53,59,47,-12
Closure54,116,1478,1362
Closure55,99,329,230
Closure56,17,593,576
Closure57,526,1729,1203
Closure58,13,7,-6
Closure59,563,2114,1551
Closure60,564,2348,1784
Closure61,338,1895,1557
Closure62,1,13,12
Closure63,1,13,12
Closure64,100,364,264
Closure65,2076,2328,252
Closure66,1733,2557,824
Closure67,131,116,-15
Closure68,114,3,-111
Closure69,1805,2275,470
Closure70,1385,2295,910
Closure71,2005,2498,493
Closure72,128,241,113
Closure73,674,1977,1303
Closure74,707,10,-697
Closure75,1186,2358,1172
Closure76,213,79,-134
Closure77,1301,1956,655
Closure78,1965,1,-1964
Closure79,562,1676,1114
Closure80,23,1615,1592
Closure81,26,1,-25
Closure82,83,164,81
Closure83,21,10,-11
Closure84,46,9,-37
Closure85,19,86,67
Closure86,75,1947,1872
Closure87,8,150,142
Closure88,151,69,-82
Closure89,207,133,-74
Closure90,610,1579,969
Closure91,553,284,-269
Closure92,74,85,11
Closure93,74,85,11
Closure94,1684,1463,-221
Closure95,506,1192,686
Closure96,224,2028,1804
Closure97,441,1,-440
Closure98,2,425,423
Closure99,285,4,-281
Closure100,72,1428,1356
Closure101,669,2775,2106
Closure102,811,4752,3941
Closure103,231,1805,1574
Closure104,68,533,465
Closure105,240,7,-233
Closure106,645,1826,1181
Closure107,19,132,113
Closure108,16,237,221
Closure109,3,137,134
Closure110,860,1931,1071
Closure111,6,1,-5
Closure112,1553,64,-1489
Closure113,1,17,16
Closure114,99,215,116
Closure115,238,8,-230
Closure116,154,3,-151
Closure117,684,1845,1161
Closure118,1215,2,-1213
Closure120,238,2413,2175
Closure121,193,388,195
Closure122,33,233,200
Closure123,939,2096,1157
Closure124,4,10,6
Closure125,848,1913,1065
Closure126,703,5,-698
Closure127,177,187,10
Closure128,422,1949,1527
Closure129,139,330,191
Closure130,62,545,483
Closure131,467,1696,1229
Closure132,24,80,56
Closure133,30,597,567
Lang1,4,3,-1
Lang2,4,3,-1
Lang3,28,3,-25
Lang4,3,2,-1
Lang5,2,1,-1
Lang6,19,98,79
Lang7,1,122,121
Lang8,20,189,169
Lang9,58,55,-3
Lang10,7,17,10
Lang11,7,3,-4
Lang12,1,4,3
Lang13,3,5,2
Lang14,1,4,3
Lang15,3,12,9
Lang16,43,27,-16
Lang17,12,102,90
Lang18,11,41,30
Lang19,1,6,5
Lang20,3,27,24
Lang21,1,2,1
Lang22,9,14,5
Lang24,23,64,41
Lang26,33,7,-26
Lang27,29,127,98
Lang28,2,3,1
Lang30,1,30,29
Lang31,2,4,2
Lang32,12,26,14
Lang33,3,7,4
Lang34,18,5,-13
Lang35,2,2,0
Lang36,8,42,34
Lang37,1,6,5
Lang38,3,3,0
Lang39,34,27,-7
Lang40,1,2,1
Lang41,2,38,36
Lang42,7,13,6
Lang43,5,6,1
Lang44,2,3,1
Lang45,16,10,-6
Lang46,1,1,0
Lang47,38,35,-3
Lang48,3,2,-1
Lang49,4,1,-3
Lang50,70,134,64
Lang53,31,16,-15
Lang54,5,3,-2
Lang55,1,7,6
Lang57,3,6,3
Lang58,3,20,17
Lang59,3,6,3
Lang60,10,2,-8
Lang61,4,8,4
Lang62,11,4,-7
Lang63,3,1,-2
Lang64,10,4,-6
Lang65,3,7,4
Math1,319,356,37
Math2,34,44,10
Math3,5,3,-2
Math4,106,76,-30
Math5,2,1,-1
Math6,180,70,-110
Math7,72,42,-30
Math8,13,4,-9
Math9,1,1,0
Math10,145,12,-133
Math11,21,31,10
Math13,64,159,95
Math14,32,99,67
Math15,110,217,107
Math16,186,252,66
Math17,48,258,210
Math18,133,14,-119
Math19,121,56,-65
Math20,1,598,597
Math21,7,41,34
Math22,7,53,46
Math23,1,148,147
Math24,21,150,129
Math25,2,1,-1
Math26,121,38,-83
Math27,1,1,0
Math28,5,12,7
Math29,35,194,159
Math30,42,41,-1
Math31,12,28,16
Math32,1,4,3
Math33,36,44,8
Math34,7,3,-4
Math35,10,3,-7
Math36,329,356,27
Math37,188,249,61
Math38,11,5,-6
Math39,88,117,29
Math40,97,33,-64
Math41,29,43,14
Math42,39,72,33
Math43,21,44,23
Math44,85,14,-71
Math45,1,1,0
Math46,149,1,-148
Math47,3,2,-1
Math48,8,355,347
Math49,421,7,-414
Math50,1,1,0
Math51,6,30,24
Math52,6,22,16
Math53,1,1,0
Math54,307,306,-1
Math55,1,1,0
Math56,1,20,19
Math57,9,4,-5
Math58,351,545,194
Math59,589,2,-587
Math60,6,36,30
Math61,168,1,-167
Math62,49,128,79
Math63,1,1,0
Math64,6,143,137
Math65,72,41,-31
Math66,2,35,33
Math67,209,8,-201
Math68,5,127,122
Math69,46,44,-2
Math70,1,1,0
Math71,8,277,269
Math72,39,1,-38
Math73,6,1,-5
Math74,236,777,541
Math75,1,1,0
Math76,28,99,71
Math77,6,21,15
Math78,5,117,112
Math79,2,29,27
Math80,14,14,0
Math81,1,10,9
Math82,46,151,105
Math83,9,40,31
Math84,9,34,25
Math85,14,77,63
Math86,11,18,7
Math87,9,115,106
Math88,1,1,0
Math89,1,1,0
Math90,3,3,0
Math91,2,1,-1
Math92,1,2,1
Math93,1,2,1
Math94,7,6,-1
Math95,1,15,14
Math96,5,5,0
Math97,1,1,0
Math98,5,4,-1
Math99,18,27,9
Math100,165,9,-156
Math101,15,12,-3
Math102,6,3,-3
Math103,8,32,24
Math105,3,25,22
Math106,61,10,-51
Mockito1,14,2,-12
Mockito2,184,3,-181
Mockito3,209,1,-208
Mockito4,481,633,152
Mockito5,3066,3066,0
Mockito6,703,856,153
Mockito7,19,50,31
Mockito8,51,31,-20
Mockito9,528,1683,1155
Mockito10,11,12,1
Mockito11,1,1,0
Mockito12,9,2,-7
Mockito13,30,85,55
Mockito14,28,96,68
Mockito15,56,178,122
Mockito16,8,4,-4
Mockito17,1,4,3
Mockito18,24,5,-19
Mockito19,11,12,1
Mockito20,31,29,-2
Mockito21,10,1,-9
Mockito22,32,11,-21
Mockito23,336,567,231
Mockito24,278,619,341
Mockito25,23,46,23
Mockito26,3013,-1,-1
Mockito27,252,507,255
Mockito28,51,198,147
Mockito29,9,31,22
Mockito30,1,1,0
Mockito31,9,2,-7
Mockito32,93,2,-91
Mockito33,28,52,24
Mockito34,16,27,11
Mockito35,134,423,289
Mockito36,8,1,-7
Mockito37,111,3,-108
Mockito38,2,1,-1
Time1,2,2,0
Time2,32,3,-29
Time3,1041,1,-1040
Time4,12,30,18
Time5,3,2,-1
Time6,175,24,-151
Time7,20,16,-4
Time8,40,24,-16
Time9,53,3,-50
Time10,17,188,171
Time11,253,448,195
Time12,1013,1581,568
Time13,22,19,-3
Time14,17,4,-13
Time15,3,2,-1
Time16,1139,7,-1132
Time17,5,5,0
Time18,59,3,-56
Time19,21,620,599
Time20,1217,1702,485
Time21,154,309,155
Time22,46,15,-31
Time23,7,40,33
Time24,176,458,282
Time25,33,187,154
Time26,106,398,292
Time27,63,346,283
