Project,MinRank1,MinRank2,Difference
Chart1,22,42,20
Chart2,83,137,54
Chart3,14,3,-11
Chart4,9,17,8
Chart5,7,8,1
Chart6,17,16,-1
Chart7,68,81,13
Chart8,8,1,-7
Chart9,104,14,-90
Chart10,3,3,0
Chart11,3,5,2
Chart12,37,13,-24
Chart13,226,47,-179
Chart14,306,317,11
Chart15,22,29,7
Chart16,13,1,-12
Chart17,3,2,-1
Chart18,1,3,2
Chart19,327,474,147
Chart20,14,5,-9
Chart21,4,3,-1
Chart22,32,61,29
Chart24,1,3,2
Chart25,993,2745,1752
Chart26,28,134,106
Closure1,214,121,-93
Closure2,1393,1666,273
Closure3,125,275,150
Closure4,17,157,140
Closure5,28,154,126
Closure6,992,3885,2893
Closure7,830,909,79
Closure8,66,123,57
Closure9,2,1,-1
Closure10,2008,2889,881
Closure11,986,2641,1655
Closure12,340,1081,741
Closure13,4106,5651,1545
Closure14,4,1,-3
Closure15,42,185,143
Closure16,145,2,-143
Closure17,1397,2301,904
Closure18,224,661,437
Closure19,1388,2272,884
Closure20,334,2,-332
Closure21,1379,2788,1409
Closure22,1635,2787,1152
Closure23,853,8,-845
Closure24,12,1,-11
Closure25,69,107,38
Closure26,552,2181,1629
Closure27,96,35,-61
Closure29,1452,184,-1268
Closure30,58,102,44
Closure31,130,409,279
Closure32,187,673,486
Closure33,1946,2576,630
Closure34,513,6,-507
Closure35,366,6,-360
Closure36,545,1062,517
Closure37,30,171,141
Closure38,398,7,-391
Closure39,591,662,71
Closure40,162,35,-127
Closure41,974,2163,1189
Closure42,3,1,-2
Closure43,397,2222,1825
Closure44,208,153,-55
Closure45,63,280,217
Closure46,30,1,-29
Closure47,1049,1914,865
Closure48,1480,2324,844
Closure49,92,96,4
Closure50,451,76,-375
Closure51,155,13,-142
Closure52,1060,2028,968
Closure53,86,47,-39
Closure54,103,1478,1375
Closure55,185,329,144
Closure56,72,593,521
Closure57,1566,1729,163
Closure58,2,7,5
Closure59,847,2114,1267
Closure60,945,2348,1403
Closure61,1280,1895,615
Closure62,1,13,12
Closure63,1,13,12
Closure64,61,364,303
Closure65,2397,2328,-69
Closure66,2589,2557,-32
Closure67,6,116,110
Closure68,21,3,-18
Closure69,2360,2275,-85
Closure70,2139,2295,156
Closure71,2351,2498,147
Closure72,316,241,-75
Closure73,1831,1977,146
Closure74,8,10,2
Closure75,1667,2358,691
Closure76,26,79,53
Closure77,1607,1956,349
Closure78,2019,1,-2018
Closure79,455,1676,1221
Closure80,822,1615,793
Closure81,35,1,-34
Closure82,108,164,56
Closure83,19,10,-9
Closure84,14,9,-5
Closure85,9,86,77
Closure86,795,1947,1152
Closure87,129,150,21
Closure88,1325,69,-1256
Closure89,248,133,-115
Closure90,1272,1579,307
Closure91,884,284,-600
Closure92,13,85,72
Closure93,13,85,72
Closure94,1471,1463,-8
Closure95,895,1192,297
Closure96,1020,2028,1008
Closure97,61,1,-60
Closure98,31,425,394
Closure99,481,4,-477
Closure100,385,1428,1043
Closure101,938,2775,1837
Closure102,1060,4752,3692
Closure103,879,1805,926
Closure104,244,533,289
Closure105,93,7,-86
Closure106,804,1826,1022
Closure107,105,132,27
Closure108,5,237,232
Closure109,7,137,130
Closure110,2263,1931,-332
Closure111,16,1,-15
Closure112,207,64,-143
Closure113,40,17,-23
Closure114,80,215,135
Closure115,427,8,-419
Closure116,294,3,-291
Closure117,1317,1845,528
Closure118,1003,2,-1001
Closure120,1526,2413,887
Closure121,195,388,193
Closure122,130,233,103
Closure123,1255,2096,841
Closure124,3,10,7
Closure125,1491,1913,422
Closure126,266,5,-261
Closure127,2044,187,-1857
Closure128,1517,1949,432
Closure129,492,330,-162
Closure130,173,545,372
Closure131,817,1696,879
Closure132,194,80,-114
Closure133,308,597,289
Lang1,3,3,0
Lang2,1,3,2
Lang3,2,3,1
Lang4,5,2,-3
Lang5,1,1,0
Lang6,81,98,17
Lang7,2,122,120
Lang8,151,189,38
Lang9,143,55,-88
Lang10,11,17,6
Lang11,5,3,-2
Lang12,1,4,3
Lang13,4,5,1
Lang14,1,4,3
Lang15,10,12,2
Lang16,73,27,-46
Lang17,15,102,87
Lang18,64,41,-23
Lang19,2,6,4
Lang20,3,27,24
Lang21,2,2,0
Lang22,21,14,-7
Lang24,1,64,63
Lang26,6,7,1
Lang27,30,127,97
Lang28,1,3,2
Lang30,2,30,28
Lang31,1,4,3
Lang32,1,26,25
Lang33,2,7,5
Lang34,27,5,-22
Lang35,1,2,1
Lang36,46,42,-4
Lang37,1,6,5
Lang38,29,3,-26
Lang39,10,27,17
Lang40,1,2,1
Lang41,13,38,25
Lang42,24,13,-11
Lang43,11,6,-5
Lang44,10,3,-7
Lang45,3,10,7
Lang46,1,1,0
Lang47,23,35,12
Lang48,5,2,-3
Lang49,4,1,-3
Lang50,54,134,80
Lang53,1,16,15
Lang54,1,3,2
Lang55,3,7,4
Lang57,2,6,4
Lang58,54,20,-34
Lang59,1,6,5
Lang60,11,2,-9
Lang61,2,8,6
Lang62,25,4,-21
Lang63,2,1,-1
Lang64,29,4,-25
Lang65,1,7,6
Math1,316,356,40
Math2,33,44,11
Math3,2,3,1
Math4,30,76,46
Math5,2,1,-1
Math6,155,70,-85
Math7,14,42,28
Math8,1,4,3
Math9,1,1,0
Math10,145,12,-133
Math11,75,31,-44
Math13,56,159,103
Math14,80,99,19
Math15,170,217,47
Math16,235,252,17
Math17,15,258,243
Math18,129,14,-115
Math19,48,56,8
Math20,69,598,529
Math21,3,41,38
Math22,16,53,37
Math23,86,148,62
Math24,75,150,75
Math25,9,1,-8
Math26,20,38,18
Math27,1,1,0
Math28,2,12,10
Math29,24,194,170
Math30,18,41,23
Math31,2,28,26
Math32,20,4,-16
Math33,19,44,25
Math34,1,3,2
Math35,6,3,-3
Math36,69,356,287
Math37,155,249,94
Math38,2,5,3
Math39,124,117,-7
Math40,17,33,16
Math41,44,43,-1
Math42,86,72,-14
Math43,46,44,-2
Math44,37,14,-23
Math45,3,1,-2
Math46,2,1,-1
Math47,2,2,0
Math48,3,355,352
Math49,31,7,-24
Math50,1,1,0
Math51,3,30,27
Math52,18,22,4
Math53,4,1,-3
Math54,376,306,-70
Math55,4,1,-3
Math56,4,20,16
Math57,1,4,3
Math58,179,545,366
Math59,385,2,-383
Math60,21,36,15
Math61,128,1,-127
Math62,121,128,7
Math63,1,1,0
Math64,22,143,121
Math65,18,41,23
Math66,6,35,29
Math67,87,8,-79
Math68,4,127,123
Math69,174,44,-130
Math70,2,1,-1
Math71,7,277,270
Math72,3,1,-2
Math73,36,1,-35
Math74,427,777,350
Math75,1,1,0
Math76,150,99,-51
Math77,7,21,14
Math78,6,117,111
Math79,3,29,26
Math80,30,14,-16
Math81,11,10,-1
Math82,153,151,-2
Math83,1,40,39
Math84,55,34,-21
Math85,23,77,54
Math86,32,18,-14
Math87,8,115,107
Math88,2,1,-1
Math89,1,1,0
Math90,1,3,2
Math91,1,1,0
Math92,2,2,0
Math93,2,2,0
Math94,1,6,5
Math95,14,15,1
Math96,5,5,0
Math97,9,1,-8
Math98,3,4,1
Math99,8,27,19
Math100,26,9,-17
Math101,56,12,-44
Math102,2,3,1
Math103,23,32,9
Math105,5,25,20
Math106,32,10,-22
Mockito1,3,2,-1
Mockito2,30,3,-27
Mockito3,190,1,-189
Mockito4,648,633,-15
Mockito5,3066,3066,0
Mockito6,851,856,5
Mockito7,11,50,39
Mockito8,49,31,-18
Mockito9,624,1683,1059
Mockito10,13,12,-1
Mockito11,1,1,0
Mockito12,11,2,-9
Mockito13,24,85,61
Mockito14,28,96,68
Mockito15,145,178,33
Mockito16,11,4,-7
Mockito17,1,4,3
Mockito18,6,5,-1
Mockito19,22,12,-10
Mockito20,66,29,-37
Mockito21,3,1,-2
Mockito22,2,11,9
Mockito23,521,567,46
Mockito24,550,619,69
Mockito25,8,46,38
Mockito26,3018,-1,-1
Mockito27,445,507,62
Mockito28,125,198,73
Mockito29,137,31,-106
Mockito30,2,1,-1
Mockito31,22,2,-20
Mockito32,257,2,-255
Mockito33,31,52,21
Mockito34,10,27,17
Mockito35,293,423,130
Mockito36,8,1,-7
Mockito37,109,3,-106
Mockito38,13,1,-12
Time1,3,2,-1
Time2,59,3,-56
Time3,1098,1,-1097
Time4,2,30,28
Time5,21,2,-19
Time6,21,24,3
Time7,168,16,-152
Time8,33,24,-9
Time9,35,3,-32
Time10,209,188,-21
Time11,87,448,361
Time12,1425,1581,156
Time13,107,19,-88
Time14,44,4,-40
Time15,2,2,0
Time16,679,7,-672
Time17,7,5,-2
Time18,31,3,-28
Time19,111,620,509
Time20,1764,1702,-62
Time21,233,309,76
Time22,29,15,-14
Time23,132,40,-92
Time24,445,458,13
Time25,32,187,155
Time26,222,398,176
Time27,100,346,246
