Project,now,before,Difference
Chart1,121,350,229
Chart2,125,108,-17
Chart3,18,86,68
Chart4,426,331,-95
Chart5,6,44,38
Chart6,25,38,13
Chart7,28,80,52
Chart8,4,8,4
Chart9,89,146,57
Chart10,1,3,2
Chart11,11,5,-6
Chart12,219,151,-68
Chart13,104,147,43
Chart14,336,329,-7
Chart15,469,399,-70
Chart16,20,19,-1
Chart17,30,63,33
Chart18,9,20,11
Chart19,479,487,8
Chart20,18,22,4
Chart21,28,106,78
Chart22,69,65,-4
Chart24,2,10,8
Chart25,2723,2879,156
Chart26,1268,172,-1096
Closure1,2219,1426,-793
Closure2,2562,2237,-325
Closure3,2756,1432,-1324
Closure4,3588,4379,791
Closure5,1451,1153,-298
Closure6,4129,4377,248
Closure7,1268,1482,214
Closure8,163,526,363
Closure9,1,10,9
Closure10,2852,2883,31
Closure11,3444,2770,-674
Closure12,3555,1797,-1758
Closure13,6126,4076,-2050
Closure14,1055,440,-615
Closure15,795,1356,561
Closure16,1320,1131,-189
Closure17,4012,3832,-180
Closure18,1507,550,-957
Closure19,2912,3558,646
Closure20,1403,1350,-53
Closure21,2859,2852,-7
Closure22,2860,2852,-8
Closure23,896,981,85
Closure24,753,1309,556
Closure25,1091,1594,503
Closure26,2049,2294,245
Closure27,368,43,-325
Closure29,1287,1122,-165
Closure30,1495,1209,-286
Closure31,1106,402,-704
Closure32,776,718,-58
Closure33,4013,5170,1157
Closure34,134,26,-108
Closure35,981,2308,1327
Closure36,3300,3702,402
Closure37,705,660,-45
Closure38,824,107,-717
Closure39,634,989,355
Closure40,1833,1012,-821
Closure41,2153,2116,-37
Closure42,245,165,-80
Closure43,3964,3486,-478
Closure44,722,90,-632
Closure45,930,1763,833
Closure46,366,690,324
Closure47,2426,2560,134
Closure48,3091,3583,492
Closure49,399,673,274
Closure50,358,1190,832
Closure51,819,104,-715
Closure52,2094,2024,-70
Closure53,1666,1016,-650
Closure54,1166,1634,468
Closure55,1637,928,-709
Closure56,591,633,42
Closure57,1737,1730,-7
Closure58,2020,775,-1245
Closure59,994,473,-521
Closure60,2395,2771,376
Closure61,1950,1918,-32
Closure62,34,47,13
Closure63,34,47,13
Closure64,933,521,-412
Closure65,2487,2378,-109
Closure66,3099,2746,-353
Closure67,1389,99,-1290
Closure68,361,145,-216
Closure69,2692,2907,215
Closure70,3860,3013,-847
Closure71,3681,2552,-1129
Closure72,550,1086,536
Closure73,1985,1964,-21
Closure74,519,927,408
Closure75,2385,2418,33
Closure76,608,961,353
Closure77,1964,1940,-24
Closure78,1252,1058,-194
Closure79,1857,1805,-52
Closure80,1545,1629,84
Closure81,461,123,-338
Closure82,419,207,-212
Closure83,146,96,-50
Closure84,202,107,-95
Closure85,269,1066,797
Closure86,1114,1996,882
Closure87,1262,1011,-251
Closure88,494,915,421
Closure89,1897,990,-907
Closure90,3561,1922,-1639
Closure91,444,62,-382
Closure92,1525,955,-570
Closure93,1525,955,-570
Closure94,1141,1467,326
Closure95,2338,1556,-782
Closure96,2443,2670,227
Closure97,1176,702,-474
Closure98,285,1282,997
Closure99,1180,28,-1152
Closure100,1520,1435,-85
Closure101,2494,573,-1921
Closure102,1004,2811,1807
Closure103,3057,1969,-1088
Closure104,644,886,242
Closure105,219,636,417
Closure106,1964,2011,47
Closure107,1702,585,-1117
Closure108,2319,1442,-877
Closure109,1136,162,-974
Closure110,2004,2645,641
Closure111,1989,1314,-675
Closure112,3295,2379,-916
Closure113,890,1207,317
Closure114,2859,1176,-1683
Closure115,78,878,800
Closure116,246,383,137
Closure117,2768,3025,257
Closure118,3866,1470,-2396
Closure120,3431,2913,-518
Closure121,1357,968,-389
Closure122,321,239,-82
Closure123,2266,2062,-204
Closure124,1128,812,-316
Closure125,2334,2672,338
Closure126,600,910,310
Closure127,1452,1286,-166
Closure128,1960,1958,-2
Closure129,444,1000,556
Closure130,445,462,17
Closure131,1909,2230,321
Closure132,501,1152,651
Closure133,731,617,-114
Lang1,24,33,9
Lang2,11,4,-7
Lang3,14,48,34
Lang4,2,3,1
Lang5,8,6,-2
Lang6,83,71,-12
Lang7,119,139,20
Lang8,227,262,35
Lang9,40,27,-13
Lang10,69,48,-21
Lang11,5,6,1
Lang12,2,4,2
Lang13,17,33,16
Lang14,1,5,4
Lang15,150,184,34
Lang16,12,47,35
Lang17,73,56,-17
Lang18,127,47,-80
Lang19,1,14,13
Lang20,24,28,4
Lang21,1,4,3
Lang22,12,22,10
Lang24,48,159,111
Lang26,50,87,37
Lang27,140,151,11
Lang28,4,30,26
Lang30,28,30,2
Lang31,2,26,24
Lang32,4,24,20
Lang33,9,58,49
Lang34,57,118,61
Lang35,8,22,14
Lang36,73,42,-31
Lang37,1,25,24
Lang38,14,103,89
Lang39,9,26,17
Lang40,3,4,1
Lang41,35,38,3
Lang42,27,7,-20
Lang43,7,27,20
Lang44,6,3,-3
Lang45,9,11,2
Lang46,1,3,2
Lang47,38,35,-3
Lang48,4,10,6
Lang49,6,28,22
Lang50,143,137,-6
Lang53,19,16,-3
Lang54,14,14,0
Lang55,3,14,11
Lang57,3,6,3
Lang58,49,41,-8
Lang59,6,12,6
Lang60,49,27,-22
Lang61,18,27,9
Lang62,20,30,10
Lang63,2,25,23
Lang64,1,40,39
Lang65,13,9,-4
Math1,402,406,4
Math2,17,44,27
Math3,10,3,-7
Math4,169,91,-78
Math5,7,14,7
Math6,33,23,-10
Math7,517,190,-327
Math8,12,26,14
Math9,13,10,-3
Math10,50,210,160
Math11,136,40,-96
Math13,84,150,66
Math14,102,125,23
Math15,298,314,16
Math16,252,252,0
Math17,235,289,54
Math18,650,622,-28
Math19,238,450,212
Math20,875,611,-264
Math21,54,140,86
Math22,58,74,16
Math23,263,130,-133
Math24,134,142,8
Math25,12,46,34
Math26,407,360,-47
Math27,22,28,6
Math28,87,209,122
Math29,188,195,7
Math30,74,58,-16
Math31,30,64,34
Math32,1115,300,-815
Math33,235,305,70
Math34,12,32,20
Math35,1,3,2
Math36,357,356,-1
Math37,252,246,-6
Math38,132,143,11
Math39,66,201,135
Math40,109,70,-39
Math41,65,81,16
Math42,335,319,-16
Math43,108,35,-73
Math44,240,132,-108
Math45,1,5,4
Math46,5,16,11
Math47,14,14,0
Math48,417,68,-349
Math49,81,22,-59
Math50,306,66,-240
Math51,355,67,-288
Math52,81,30,-51
Math53,6,12,6
Math54,416,557,141
Math55,8,20,12
Math56,131,337,206
Math57,163,46,-117
Math58,332,429,97
Math59,229,921,692
Math60,248,25,-223
Math61,334,34,-300
Math62,2,128,126
Math63,3,3,0
Math64,99,98,-1
Math65,45,178,133
Math66,7,28,21
Math67,209,32,-177
Math68,74,66,-8
Math69,49,161,112
Math70,3,13,10
Math71,352,401,49
Math72,27,19,-8
Math73,19,23,4
Math74,127,938,811
Math75,40,28,-12
Math76,136,473,337
Math77,9,29,20
Math78,110,121,11
Math79,10,35,25
Math80,30,328,298
Math81,33,125,92
Math82,135,122,-13
Math83,90,217,127
Math84,59,83,24
Math85,78,33,-45
Math86,85,17,-68
Math87,84,210,126
Math88,67,235,168
Math89,2,4,2
Math90,3,4,1
Math91,36,14,-22
Math92,1,14,13
Math93,1,2,1
Math94,14,1,-13
Math95,15,32,17
Math96,11,14,3
Math97,13,9,-4
Math98,31,27,-4
Math99,26,24,-2
Math100,180,33,-147
Math101,55,36,-19
Math102,15,55,40
Math103,35,45,10
Math105,7,25,18
Math106,35,58,23
Mockito1,264,154,-110
Mockito2,1,3,2
Mockito3,169,374,205
Mockito4,706,634,-72
Mockito5,4060,4060,0
Mockito6,855,856,1
Mockito7,391,600,209
Mockito8,21,14,-7
Mockito9,1827,1827,0
Mockito10,332,407,75
Mockito11,13,177,164
Mockito12,13,5,-8
Mockito13,401,67,-334
Mockito14,114,78,-36
Mockito15,166,175,9
Mockito16,6,8,2
Mockito17,9,63,54
Mockito18,11,233,222
Mockito19,17,245,228
Mockito20,72,229,157
Mockito21,10,158,148
Mockito22,124,155,31
Mockito23,597,634,37
Mockito24,574,710,136
Mockito25,48,418,370
Mockito27,512,630,118
Mockito28,168,131,-37
Mockito29,484,371,-113
Mockito30,164,14,-150
Mockito31,56,199,143
Mockito32,412,149,-263
Mockito33,3,271,268
Mockito34,354,259,-95
Mockito35,424,423,-1
Mockito36,83,164,81
Mockito37,228,210,-18
Mockito38,3,78,75
Time1,741,270,-471
Time2,697,325,-372
Time3,100,274,174
Time4,492,357,-135
Time5,478,275,-203
Time6,506,576,70
Time7,1037,1512,475
Time8,64,67,3
Time9,177,65,-112
Time10,42,299,257
Time11,293,1251,958
Time12,1582,1582,0
Time13,467,1090,623
Time14,682,704,22
Time15,4,2,-2
Time16,1,1500,1499
Time17,99,149,50
Time18,219,665,446
Time19,173,43,-130
Time20,1704,1774,70
Time21,290,324,34
Time22,4,302,298
Time23,132,78,-54
Time24,477,1794,1317
Time25,176,205,29
Time26,439,439,0
Time27,56,1125,1069
