Project,MinRank1,MinRank2,Difference
Chart1,34,42,8
Chart2,92,92,0
Chart3,1,3,2
Chart4,431,311,-120
Chart5,3,8,5
Chart6,103,650,547
Chart7,45,435,390
Chart8,2,1,-1
Chart9,10,14,4
Chart10,1,53,52
Chart11,11,5,-6
Chart12,22,13,-9
Chart13,40,47,7
Chart14,17,6,-11
Chart15,29,29,0
Chart16,1,1,0
Chart17,2,2,0
Chart18,3,3,0
Chart19,1,1,0
Chart20,20,448,428
Chart21,2,3,1
Chart22,12,12,0
Chart24,1,3,2
Chart25,2255,2640,385
Chart26,237,134,-103
Closure1,3214,1744,-1470
Closure2,68,66,-2
Closure3,403,279,-124
Closure4,525,9518,8993
Closure5,129,154,25
Closure6,1,1,0
Closure7,1,2,1
Closure8,93,123,30
Closure9,1,1,0
Closure10,138,215,77
Closure11,1510,14008,12498
Closure12,1166,15178,14012
Closure13,5650,24214,18564
Closure14,12,4,-8
Closure15,150,185,35
Closure16,153,205,52
Closure17,236,86,-150
Closure18,2685,17361,14676
Closure19,2,1,-1
Closure20,12,2,-10
Closure21,9,6,-3
Closure22,9,4,-5
Closure23,7,8,1
Closure24,1,1,0
Closure25,44,107,63
Closure26,13,5,-8
Closure27,11,3,-8
Closure29,398,447,49
Closure30,232,242,10
Closure31,2231,16568,14337
Closure32,100,35,-65
Closure33,629,10413,9784
Closure34,318,1644,1326
Closure35,2,6,4
Closure36,894,1062,168
Closure37,2061,16628,14567
Closure38,454,11132,10678
Closure39,20,21,1
Closure40,115,120,5
Closure41,1157,12951,11794
Closure42,4,1,-3
Closure43,769,12296,11527
Closure44,978,11138,10160
Closure45,234,10793,10559
Closure46,1,1,0
Closure47,352,338,-14
Closure48,360,11694,11334
Closure49,1862,13810,11948
Closure50,70,88,18
Closure51,427,10525,10098
Closure52,288,116,-172
Closure53,48,47,-1
Closure54,109,55,-54
Closure55,310,9947,9637
Closure56,75,65,-10
Closure57,32,25,-7
Closure58,14,7,-7
Closure59,8681,25904,17223
Closure60,20,21,1
Closure61,218,146,-72
Closure62,3,4,1
Closure63,3,4,1
Closure64,750,1481,731
Closure65,270,78,-192
Closure66,1431,12664,11233
Closure67,528,9571,9043
Closure68,1,3,2
Closure69,603,11744,11141
Closure70,3078,13035,9957
Closure71,492,227,-265
Closure72,179,7121,6942
Closure73,344,9137,8793
Closure74,103,123,20
Closure75,7,8,1
Closure76,131,138,7
Closure77,375,370,-5
Closure78,2,1,-1
Closure79,292,51,-241
Closure80,6,13,7
Closure81,191,3026,2835
Closure82,4452,14561,10109
Closure83,11,12732,12721
Closure84,207,2543,2336
Closure85,109,164,55
Closure86,1,2,1
Closure87,153,8724,8571
Closure88,11,69,58
Closure89,121,142,21
Closure90,499,46,-453
Closure91,352,11997,11645
Closure92,117,85,-32
Closure93,117,85,-32
Closure94,1,4,3
Closure95,2542,14561,12019
Closure96,147,10045,9898
Closure97,16,1,-15
Closure98,330,11498,11168
Closure99,17,16,-1
Closure100,20,7,-13
Closure101,21984,21984,0
Closure102,4650,21975,17325
Closure103,432,288,-144
Closure104,6,13,7
Closure105,26,7,-19
Closure106,67,105,38
Closure107,172,132,-40
Closure108,268,11732,11464
Closure109,104,33,-71
Closure110,3,2,-1
Closure111,1,1,0
Closure112,139,110,-29
Closure113,17,17,0
Closure114,410,15347,14937
Closure115,7,8,1
Closure116,56,31,-25
Closure117,156,10050,9894
Closure118,9,2,-7
Closure120,684,226,-458
Closure121,449,14779,14330
Closure122,5,9,4
Closure123,532,139,-393
Closure124,15,10,-5
Closure125,236,12959,12723
Closure126,58,5,-53
Closure127,203,210,7
Closure128,109,102,-7
Closure129,3900,25226,21326
Closure130,549,16541,15992
Closure131,413,11546,11133
Closure132,68,80,12
Closure133,305,4229,3924
Lang1,6,3,-3
Lang2,7,3,-4
Lang3,5,3,-2
Lang4,3,17,14
Lang5,1,1,0
Lang6,86,2766,2680
Lang7,144,122,-22
Lang8,7,6,-1
Lang9,339,648,309
Lang10,162,480,318
Lang11,3,3,0
Lang12,4,5,1
Lang13,1,5,4
Lang14,1,4,3
Lang15,207,217,10
Lang16,13,27,14
Lang17,92,1221,1129
Lang18,53,41,-12
Lang19,2,8,6
Lang20,3,8,5
Lang21,1,2,1
Lang22,28,35,7
Lang24,14,64,50
Lang26,8,245,237
Lang27,128,127,-1
Lang28,1,3,2
Lang30,10,8,-2
Lang31,3,6,3
Lang32,5,26,21
Lang33,3,7,4
Lang34,89,475,386
Lang35,2,2,0
Lang36,72,42,-30
Lang37,1,6,5
Lang38,1,3,2
Lang39,9,27,18
Lang40,2,2,0
Lang41,7,6,-1
Lang42,12,13,1
Lang43,1,6,5
Lang44,6,3,-3
Lang45,8,10,2
Lang46,1,1,0
Lang47,8,5,-3
Lang48,2,167,165
Lang49,2,1,-1
Lang50,8,8,0
Lang53,20,16,-4
Lang54,7,3,-4
Lang55,6,36,30
Lang57,3,48,45
Lang58,32,20,-12
Lang59,3,6,3
Lang60,6,2,-4
Lang61,20,21,1
Lang62,1,4,3
Lang63,2,1,-1
Lang64,1,4,3
Lang65,11,7,-4
Math1,7,8,1
Math2,38,44,6
Math3,10,3,-7
Math4,17,17,0
Math5,2,1,-1
Math6,177,170,-7
Math7,117,42,-75
Math8,1,4,3
Math9,1,1,0
Math10,2,12,10
Math11,41,31,-10
Math13,118,5357,5239
Math14,94,4595,4501
Math15,413,211,-202
Math16,3,1,-2
Math17,148,591,443
Math18,19,14,-5
Math19,44,56,12
Math20,806,4057,3251
Math21,31,46,15
Math22,1,1,0
Math23,149,1982,1833
Math24,150,1982,1832
Math25,1,1,0
Math26,204,1846,1642
Math27,2,1,-1
Math28,11,12,1
Math29,1,6,5
Math30,31,41,10
Math31,177,748,571
Math32,7,4,-3
Math33,43,2967,2924
Math34,2,3,1
Math35,1,3,2
Math36,2,2,0
Math37,10,6,-4
Math38,9,5,-4
Math39,101,2042,1941
Math40,52,33,-19
Math41,21,43,22
Math42,86,3004,2918
Math43,158,2003,1845
Math44,32,14,-18
Math45,1,1,0
Math46,1,2,1
Math47,2,2,0
Math48,323,355,32
Math49,4,7,3
Math50,1,1,0
Math51,35,2215,2180
Math52,24,22,-2
Math53,2,1,-1
Math54,144,112,-32
Math55,1,1,0
Math56,7,20,13
Math57,6,4,-2
Math58,607,2081,1474
Math59,2,2,0
Math60,37,36,-1
Math61,1,1,0
Math62,2,150,148
Math63,2,1,-1
Math64,169,180,11
Math65,42,41,-1
Math66,288,503,215
Math67,172,8,-164
Math68,128,333,205
Math69,22,44,22
Math70,1,1,0
Math71,1,1,0
Math72,2,1,-1
Math73,1,1,0
Math74,725,2481,1756
Math75,2,1,-1
Math76,89,1889,1800
Math77,3,19,16
Math78,98,366,268
Math79,28,29,1
Math80,1,14,13
Math81,11,10,-1
Math82,1804,1804,0
Math83,27,1661,1634
Math84,44,55,11
Math85,84,77,-7
Math86,140,446,306
Math87,118,1656,1538
Math88,1,1,0
Math89,1,1,0
Math90,3,54,51
Math91,2,1,-1
Math92,3,2,-1
Math93,2,2,0
Math94,15,204,189
Math95,4,15,11
Math96,5,92,87
Math97,2,1,-1
Math98,7,4,-3
Math99,2,4,2
Math100,15,9,-6
Math101,37,39,2
Math102,3,3,0
Math103,33,32,-1
Math105,68,68,0
Math106,10,10,0
Mockito1,1,2,1
Mockito2,12,916,904
Mockito3,5,1,-4
Mockito4,4,7,3
Mockito5,3065,2980,-85
Mockito6,1,1,0
Mockito7,41,967,926
Mockito8,19,155,136
Mockito9,34,1077,1043
Mockito10,35,12,-23
Mockito11,1,1,0
Mockito12,3,2,-1
Mockito13,117,1030,913
Mockito14,64,868,804
Mockito15,127,859,732
Mockito16,3,4,1
Mockito17,3,4,1
Mockito18,1,647,646
Mockito19,7,12,5
Mockito20,472,226,-246
Mockito21,1,1,0
Mockito22,10,608,598
Mockito23,75,66,-9
Mockito24,1,1,0
Mockito25,45,63,18
Mockito26,2995,-1,-1
Mockito27,18,37,19
Mockito28,192,853,661
Mockito29,54,31,-23
Mockito30,9,1,-8
Mockito31,1,2,1
Mockito32,28,2,-26
Mockito33,228,1119,891
Mockito34,182,1589,1407
Mockito35,1,1,0
Mockito36,3,4,1
Mockito37,98,809,711
Mockito38,4,583,579
Time1,5,2,-3
Time2,10,3,-7
Time3,1,1,0
Time4,13,30,17
Time5,39,26,-13
Time6,6,4,-2
Time7,27,17,-10
Time8,14,24,10
Time9,3,3,0
Time10,88,199,111
Time11,421,448,27
Time12,10,7,-3
Time13,20,19,-1
Time14,3,5,2
Time15,5,2,-3
Time16,1,7,6
Time17,5,5,0
Time18,2,3,1
Time19,644,5379,4735
Time20,986,339,-647
Time21,26,33,7
Time22,4,16,12
Time23,37,1301,1264
Time24,344,5370,5026
Time25,969,5266,4297
Time26,469,332,-137
Time27,228,4502,4274
