Project,now,before,Difference
Chart1,21,42,21
Chart2,95,92,-3
Chart3,2,3,1
Chart4,84,311,227
Chart5,2,8,6
Chart6,552,650,98
Chart7,404,435,31
Chart8,4,1,-3
Chart9,3,14,11
Chart10,-1,53,-1
Chart11,1,5,4
Chart12,26,13,-13
Chart13,42,47,5
Chart14,21,6,-15
Chart15,17,29,12
Chart16,1,1,0
Chart17,1,2,1
Chart18,1,3,2
Chart19,2,1,-1
Chart20,9,448,439
Chart21,5,3,-2
Chart22,1,12,11
Chart24,2,3,1
Chart25,2488,2640,152
Chart26,44,134,90
Closure1,2393,1744,-649
Closure2,30,66,36
Closure3,337,279,-58
Closure4,10005,9518,-487
Closure5,129,154,25
Closure6,2,1,-1
Closure7,1,2,1
Closure8,142,123,-19
Closure9,1,1,0
Closure10,90,215,125
Closure11,7,14008,14001
Closure12,110,15178,15068
Closure13,24161,24214,53
Closure14,2,4,2
Closure15,199,185,-14
Closure16,136,205,69
Closure17,111,86,-25
Closure18,15748,17361,1613
Closure19,1,1,0
Closure20,6,2,-4
Closure21,6,6,0
Closure22,7,4,-3
Closure23,3,8,5
Closure24,1,1,0
Closure25,131,107,-24
Closure26,28,5,-23
Closure27,4,3,-1
Closure29,629,447,-182
Closure30,199,242,43
Closure31,14576,16568,1992
Closure32,64,35,-29
Closure33,455,10413,9958
Closure34,1656,1644,-12
Closure35,16,6,-10
Closure36,1300,1062,-238
Closure37,16402,16628,226
Closure38,10928,11132,204
Closure39,21,21,0
Closure40,118,120,2
Closure41,13156,12951,-205
Closure42,2,1,-1
Closure43,237,12296,12059
Closure44,11297,11138,-159
Closure45,10398,10793,395
Closure46,3,1,-2
Closure47,279,338,59
Closure48,10309,11694,1385
Closure49,1011,13810,12799
Closure50,89,88,-1
Closure51,190,10525,10335
Closure52,74,116,42
Closure53,43,47,4
Closure54,68,55,-13
Closure55,240,9947,9707
Closure56,7,65,58
Closure57,21,25,4
Closure58,7,7,0
Closure59,25555,25904,349
Closure60,60,21,-39
Closure61,36,146,110
Closure62,1,4,3
Closure63,1,4,3
Closure64,506,1481,975
Closure65,89,78,-11
Closure66,12005,12664,659
Closure67,7888,9571,1683
Closure68,3,3,0
Closure69,566,11744,11178
Closure70,13684,13035,-649
Closure71,210,227,17
Closure72,7145,7121,-24
Closure73,156,9137,8981
Closure74,159,123,-36
Closure75,9,8,-1
Closure76,113,138,25
Closure77,413,370,-43
Closure78,2,1,-1
Closure79,29,51,22
Closure80,1,13,12
Closure81,96,3026,2930
Closure82,14583,14561,-22
Closure83,11943,12732,789
Closure84,2555,2543,-12
Closure85,108,164,56
Closure86,1,2,1
Closure87,84,8724,8640
Closure88,71,69,-2
Closure89,205,142,-63
Closure90,23,46,23
Closure91,12029,11997,-32
Closure92,98,85,-13
Closure93,98,85,-13
Closure94,5,4,-1
Closure95,14446,14561,115
Closure96,7,10045,10038
Closure97,19,1,-18
Closure98,93,11498,11405
Closure99,25,16,-9
Closure100,1,7,6
Closure101,21657,21984,327
Closure102,21635,21975,340
Closure103,56,288,232
Closure104,15,13,-2
Closure105,47,7,-40
Closure106,5,105,100
Closure107,142,132,-10
Closure108,105,11732,11627
Closure109,3,33,30
Closure110,6,2,-4
Closure111,1,1,0
Closure112,154,110,-44
Closure113,4,17,13
Closure114,15419,15347,-72
Closure115,9,8,-1
Closure116,36,31,-5
Closure117,249,10050,9801
Closure118,8,2,-6
Closure120,3,226,223
Closure121,14004,14779,775
Closure122,2,9,7
Closure123,96,139,43
Closure124,11,10,-1
Closure125,13132,12959,-173
Closure126,31,5,-26
Closure127,220,210,-10
Closure128,59,102,43
Closure129,24007,25226,1219
Closure130,14652,16541,1889
Closure131,178,11546,11368
Closure132,69,80,11
Closure133,12,4229,4217
Lang1,2,3,1
Lang2,6,3,-3
Lang3,9,3,-6
Lang4,20,17,-3
Lang5,1,1,0
Lang6,33,2766,2733
Lang7,1,122,121
Lang8,3,6,3
Lang9,642,648,6
Lang10,283,480,197
Lang11,4,3,-1
Lang12,2,5,3
Lang13,1,5,4
Lang14,1,4,3
Lang15,50,217,167
Lang16,44,27,-17
Lang17,1108,1221,113
Lang18,43,41,-2
Lang19,2,8,6
Lang20,2,8,6
Lang21,1,2,1
Lang22,31,35,4
Lang24,16,64,48
Lang26,253,245,-8
Lang27,134,127,-7
Lang28,2,3,1
Lang30,1,8,7
Lang31,3,6,3
Lang32,13,26,13
Lang33,3,7,4
Lang34,147,475,328
Lang35,1,2,1
Lang36,28,42,14
Lang37,1,6,5
Lang38,1,3,2
Lang39,34,27,-7
Lang40,1,2,1
Lang41,4,6,2
Lang42,13,13,0
Lang43,4,6,2
Lang44,2,3,1
Lang45,15,10,-5
Lang46,1,1,0
Lang47,5,5,0
Lang48,93,167,74
Lang49,1,1,0
Lang50,21,8,-13
Lang53,33,16,-17
Lang54,4,3,-1
Lang55,5,36,31
Lang57,-1,48,-1
Lang58,3,20,17
Lang59,1,6,5
Lang60,2,2,0
Lang61,4,21,17
Lang62,3,4,1
Lang63,2,1,-1
Lang64,4,4,0
Lang65,8,7,-1
Math1,11,8,-3
Math2,41,44,3
Math3,5,3,-2
Math4,15,17,2
Math5,1,1,0
Math6,95,170,75
Math7,47,42,-5
Math8,1,4,3
Math9,1,1,0
Math10,21,12,-9
Math11,44,31,-13
Math13,5294,5357,63
Math14,4564,4595,31
Math15,88,211,123
Math16,8,1,-7
Math17,66,591,525
Math18,13,14,1
Math19,125,56,-69
Math20,24,4057,4033
Math21,9,46,37
Math22,1,1,0
Math23,38,1982,1944
Math24,77,1982,1905
Math25,1,1,0
Math26,2057,1846,-211
Math27,1,1,0
Math28,13,12,-1
Math29,1,6,5
Math30,18,41,23
Math31,91,748,657
Math32,1,4,3
Math33,2948,2967,19
Math34,1,3,2
Math35,6,3,-3
Math36,2,2,0
Math37,16,6,-10
Math38,7,5,-2
Math39,1966,2042,76
Math40,78,33,-45
Math41,29,43,14
Math42,2978,3004,26
Math43,2017,2003,-14
Math44,60,14,-46
Math45,1,1,0
Math46,2,2,0
Math47,2,2,0
Math48,33,355,322
Math49,11,7,-4
Math50,1,1,0
Math51,25,2215,2190
Math52,6,22,16
Math53,1,1,0
Math54,127,112,-15
Math55,1,1,0
Math56,1,20,19
Math57,2,4,2
Math58,2282,2081,-201
Math59,1,2,1
Math60,30,36,6
Math61,14,1,-13
Math62,49,150,101
Math63,1,1,0
Math64,191,180,-11
Math65,16,41,25
Math66,318,503,185
Math67,263,8,-255
Math68,333,333,0
Math69,32,44,12
Math70,1,1,0
Math71,1,1,0
Math72,4,1,-3
Math73,3,1,-2
Math74,2507,2481,-26
Math75,1,1,0
Math76,44,1889,1845
Math77,1,19,18
Math78,11,366,355
Math79,7,29,22
Math80,4,14,10
Math81,1,10,9
Math82,1732,1804,72
Math83,1629,1661,32
Math84,49,55,6
Math85,51,77,26
Math86,458,446,-12
Math87,1679,1656,-23
Math88,1,1,0
Math89,1,1,0
Math90,3,54,51
Math91,2,1,-1
Math92,1,2,1
Math93,2,2,0
Math94,208,204,-4
Math95,1,15,14
Math96,6,92,86
Math97,1,1,0
Math98,1,4,3
Math99,2,4,2
Math100,17,9,-8
Math101,14,39,25
Math102,3,3,0
Math103,33,32,-1
Math105,43,68,25
Math106,13,10,-3
Mockito1,2,2,0
Mockito2,992,916,-76
Mockito3,3,1,-2
Mockito4,6,7,1
Mockito5,2980,2980,0
Mockito6,2,1,-1
Mockito7,23,967,944
Mockito8,155,155,0
Mockito9,26,1077,1051
Mockito10,9,12,3
Mockito11,1,1,0
Mockito12,1,2,1
Mockito13,997,1030,33
Mockito14,807,868,61
Mockito15,802,859,57
Mockito16,7,4,-3
Mockito17,1,4,3
Mockito18,639,647,8
Mockito19,14,12,-2
Mockito20,248,226,-22
Mockito21,2,1,-1
Mockito22,605,608,3
Mockito23,41,66,25
Mockito24,1,1,0
Mockito25,50,63,13
Mockito27,19,37,18
Mockito28,767,853,86
Mockito29,8,31,23
Mockito30,1,1,0
Mockito31,2,2,0
Mockito32,9,2,-7
Mockito33,1106,1119,13
Mockito34,1598,1589,-9
Mockito35,1,1,0
Mockito36,5,4,-1
Mockito37,813,809,-4
Mockito38,6,583,577
Time1,3,2,-1
Time2,5,3,-2
Time3,1,1,0
Time4,34,30,-4
Time5,1,26,25
Time6,3,4,1
Time7,22,17,-5
Time8,35,24,-11
Time9,10,3,-7
Time10,100,199,99
Time11,427,448,21
Time12,4,7,3
Time13,19,19,0
Time14,1,5,4
Time15,3,2,-1
Time16,14,7,-7
Time17,1,5,4
Time18,4,3,-1
Time19,111,5379,5268
Time20,433,339,-94
Time21,22,33,11
Time22,12,16,4
Time23,1139,1301,162
Time24,320,5370,5050
Time25,5295,5266,-29
Time26,443,332,-111
Time27,4059,4502,443
