Project,MinRank1,MinRank2,Difference
Chart1,26,42,16
Chart2,60,51,-9
Chart3,17,12,-5
Chart4,95,241,146
Chart5,2,8,6
Chart6,10,29,19
Chart7,20,86,66
Chart8,6,15,9
Chart9,19,10,-9
Chart10,1,1,0
Chart11,2,5,3
Chart12,186,97,-89
Chart13,106,21,-85
Chart14,205,8,-197
Chart15,28,16,-12
Chart16,12,5,-7
Chart17,5,5,0
Chart18,1,5,4
Chart19,71,1,-70
Chart20,8,11,3
Chart21,14,1,-13
Chart22,1,5,4
Chart24,2,4,2
Chart25,95,3,-92
Chart26,170,669,499
Closure1,333,123,-210
Closure2,357,10,-347
Closure3,404,1504,1100
Closure4,607,4943,4336
Closure5,714,58,-656
Closure6,2901,6,-2895
Closure7,230,12,-218
Closure8,427,2441,2014
Closure9,3,1,-2
Closure10,58,1685,1627
Closure11,1,1827,1826
Closure12,1,1888,1887
Closure13,1847,5541,3694
Closure14,246,38,-208
Closure15,1345,61,-1284
Closure16,420,169,-251
Closure17,1712,10,-1702
Closure18,127,1920,1793
Closure19,178,6,-172
Closure20,561,2245,1684
Closure21,207,7,-200
Closure22,127,1,-126
Closure23,583,67,-516
Closure24,222,3,-219
Closure25,336,2694,2358
Closure26,3821,24,-3797
Closure27,7,1,-6
Closure29,892,2938,2046
Closure30,263,1695,1432
Closure31,113,713,600
Closure32,576,50,-526
Closure33,411,2317,1906
Closure34,59,28,-31
Closure35,646,26,-620
Closure36,819,5948,5129
Closure37,73,716,643
Closure38,176,147,-29
Closure39,76,4,-72
Closure40,1198,3814,2616
Closure41,1605,4104,2499
Closure42,322,11,-311
Closure43,496,2729,2233
Closure44,205,884,679
Closure45,549,1681,1132
Closure46,374,2,-372
Closure47,1939,243,-1696
Closure48,1260,178,-1082
Closure49,6,99,93
Closure50,164,64,-100
Closure51,40,17,-23
Closure52,102,7,-95
Closure53,508,3126,2618
Closure54,244,71,-173
Closure55,475,1195,720
Closure56,4,1,-3
Closure57,178,4,-174
Closure58,348,14,-334
Closure59,1237,3588,2351
Closure60,799,2,-797
Closure61,138,1118,980
Closure62,2,1,-1
Closure63,3,1,-2
Closure64,359,1345,986
Closure65,473,1,-472
Closure66,419,2785,2366
Closure67,250,2399,2149
Closure68,425,7,-418
Closure69,902,189,-713
Closure70,678,597,-81
Closure71,956,3280,2324
Closure72,441,1608,1167
Closure73,209,9,-200
Closure74,1266,37,-1229
Closure75,597,1,-596
Closure76,327,48,-279
Closure77,655,36,-619
Closure78,2259,3,-2256
Closure79,316,16,-300
Closure80,1,7,6
Closure81,72,4,-68
Closure82,381,258,-123
Closure83,79,74,-5
Closure84,84,9,-75
Closure85,163,66,-97
Closure86,74,13,-61
Closure87,50,788,738
Closure88,558,55,-503
Closure89,302,55,-247
Closure90,456,582,126
Closure91,929,1939,1010
Closure92,314,2107,1793
Closure93,315,2157,1842
Closure94,1610,4,-1606
Closure95,637,2135,1498
Closure96,9,37,28
Closure97,1152,35,-1117
Closure98,2,752,750
Closure99,301,66,-235
Closure100,2,38,36
Closure101,252,3976,3724
Closure102,281,3147,2866
Closure103,26,20,-6
Closure104,68,9,-59
Closure105,938,42,-896
Closure106,13,27,14
Closure107,405,69,-336
Closure108,93,53,-40
Closure109,4,5,1
Closure110,453,35,-418
Closure111,253,4,-249
Closure112,3023,65,-2958
Closure113,35,8,-27
Closure114,547,90,-457
Closure115,561,7,-554
Closure116,685,46,-639
Closure117,464,153,-311
Closure118,2152,5618,3466
Closure120,3,2243,2240
Closure121,616,90,-526
Closure122,70,3,-67
Closure123,428,98,-330
Closure124,60,18,-42
Closure125,683,95,-588
Closure126,1399,2582,1183
Closure127,366,2062,1696
Closure128,90,2,-88
Closure129,574,6780,6206
Closure130,202,3664,3462
Closure131,271,84,-187
Closure132,268,1938,1670
Closure133,1,1322,1321
Lang1,4,3,-1
Lang2,19,18,-1
Lang3,30,5,-25
Lang4,2,5,3
Lang5,3,1,-2
Lang6,19,72,53
Lang7,1,23,22
Lang8,14,11,-3
Lang9,82,62,-20
Lang10,8,34,26
Lang11,6,1,-5
Lang12,1,6,5
Lang13,2,4,2
Lang14,1,1,0
Lang15,5,249,244
Lang16,43,8,-35
Lang17,4,19,15
Lang18,29,46,17
Lang19,1,9,8
Lang20,3,4,1
Lang21,3,1,-2
Lang22,19,27,8
Lang24,24,153,129
Lang26,47,12,-35
Lang27,28,27,-1
Lang28,4,1,-3
Lang30,2,2,0
Lang31,3,5,2
Lang32,13,4,-9
Lang33,692,692,0
Lang34,33,74,41
Lang35,2,1,-1
Lang36,8,91,83
Lang37,1,4,3
Lang38,15,1,-14
Lang39,34,38,4
Lang40,1,2,1
Lang41,2,6,4
Lang42,10,3,-7
Lang43,8,6,-2
Lang44,2,5,3
Lang45,15,1,-14
Lang46,1,1,0
Lang47,38,23,-15
Lang48,5,2,-3
Lang49,8,2,-6
Lang50,64,12,-52
Lang53,123,123,0
Lang54,8,1,-7
Lang55,2,9,7
Lang57,3,1,-2
Lang58,3,27,24
Lang59,5,1,-4
Lang60,16,6,-10
Lang61,5,27,22
Lang62,27,6,-21
Lang63,4,2,-2
Lang64,15,1,-14
Lang65,4,6,2
Math1,289,6,-283
Math2,45,71,26
Math3,5,7,2
Math4,122,2,-120
Math5,3,2,-1
Math6,30,285,255
Math7,150,46,-104
Math8,22,3,-19
Math9,7,3,-4
Math10,207,11,-196
Math11,38,60,22
Math13,53,188,135
Math14,17,43,26
Math15,100,2,-98
Math16,365,4,-361
Math17,28,508,480
Math18,334,3,-331
Math19,185,18,-167
Math20,1,453,452
Math21,15,6,-9
Math22,7,1,-6
Math23,1,41,40
Math24,13,71,58
Math25,4,2,-2
Math26,172,24,-148
Math27,13,2,-11
Math28,48,22,-26
Math29,17,3,-14
Math30,99,24,-75
Math31,44,81,37
Math32,9,64,55
Math33,65,51,-14
Math34,11,1,-10
Math35,10,6,-4
Math36,329,1,-328
Math37,165,1,-164
Math38,67,2,-65
Math39,88,462,374
Math40,105,131,26
Math41,44,14,-30
Math42,56,331,275
Math43,35,96,61
Math44,3,13,10
Math45,1,1,0
Math46,231,1,-230
Math47,40,1,-39
Math48,6,687,681
Math49,420,5,-415
Math50,9,1,-8
Math51,10,29,19
Math52,46,9,-37
Math53,1,2,1
Math54,315,11,-304
Math55,3,1,-2
Math56,21,5,-16
Math57,23,8,-15
Math58,256,128,-128
Math59,657,1,-656
Math60,28,17,-11
Math61,212,590,378
Math62,49,325,276
Math63,2,1,-1
Math64,2,105,103
Math65,195,70,-125
Math66,21,162,141
Math67,233,173,-60
Math68,4,83,79
Math69,55,64,9
Math70,3,1,-2
Math71,6,2,-4
Math72,45,8,-37
Math73,29,12,-17
Math74,93,984,891
Math75,1,1,0
Math76,44,60,16
Math77,7,19,12
Math78,2,46,44
Math79,3,12,9
Math80,57,69,12
Math81,8,46,38
Math82,40,214,174
Math83,21,69,48
Math84,2,13,11
Math85,14,111,97
Math86,15,40,25
Math87,4,35,31
Math88,8,1,-7
Math89,1,1,0
Math90,1,5,4
Math91,28,1,-27
Math92,1,1,0
Math93,1,2,1
Math94,7,11,4
Math95,2,8,6
Math96,6,6,0
Math97,5,1,-4
Math98,10,3,-7
Math99,7,5,-2
Math100,182,5,-177
Math101,18,15,-3
Math102,15,1,-14
Math103,8,30,22
Math105,3,25,22
Math106,67,8,-59
Mockito1,39,1,-38
Mockito2,259,16,-243
Mockito3,301,3,-298
Mockito4,2100,2100,0
Mockito5,2915,2915,0
Mockito6,188,2,-186
Mockito7,73,36,-37
Mockito8,49,37,-12
Mockito9,938,938,0
Mockito10,61,9,-52
Mockito11,1,1,0
Mockito12,32,39,7
Mockito13,66,83,17
Mockito14,62,509,447
Mockito15,44,174,130
Mockito16,47,4,-43
Mockito17,14,2,-12
Mockito18,64,26,-38
Mockito19,492,493,1
Mockito20,69,217,148
Mockito21,68,2,-66
Mockito22,63,9,-54
Mockito23,40,272,232
Mockito24,57,1,-56
Mockito25,48,58,10
Mockito26,122,41,-81
Mockito27,84,3,-81
Mockito28,18,470,452
Mockito29,829,829,0
Mockito30,95,6,-89
Mockito31,35,1,-34
Mockito32,207,424,217
Mockito33,74,84,10
Mockito34,59,42,-17
Mockito35,58,9,-49
Mockito36,1857,1857,0
Mockito37,196,10,-186
Mockito38,899,899,0
Time1,20,4,-16
Time2,119,6,-113
Time3,362,1,-361
Time4,156,16,-140
Time5,19,2,-17
Time6,249,5,-244
Time7,65,49,-16
Time8,68,10,-58
Time9,95,5,-90
Time10,42,499,457
Time11,330,358,28
Time12,307,21,-286
Time13,99,13,-86
Time14,31,8,-23
Time15,3,1,-2
Time16,1193,1,-1192
Time17,78,1,-77
Time18,204,11,-193
Time19,26,254,228
Time20,327,6,-321
Time21,2,2,0
Time22,120,11,-109
Time23,10,1,-9
Time24,198,157,-41
Time25,114,109,-5
Time26,107,80,-27
Time27,68,1271,1203
