Project,now,before,Difference
Chart1,4437,4997,560
Chart2,977,1010,33
Chart3,2,367,365
Chart4,19410,22992,3582
Chart5,1,137,136
Chart6,637,650,13
Chart7,405,435,30
Chart8,4,116,112
Chart9,3,411,408
Chart10,1,3,2
Chart11,1,142,141
Chart12,1855,2328,473
Chart13,45,47,2
Chart14,29,6,-23
Chart15,7,5674,5667
Chart16,2,1,-1
Chart17,1,626,625
Chart18,1,3,2
Chart19,4,1,-3
Chart20,446,448,2
Chart21,5,3,-2
Chart22,1,12,11
Chart24,2,3,1
Chart25,2488,2640,152
Chart26,59,134,75
Closure1,22105,21998,-107
Closure2,24,5968,5944
Closure3,12005,11851,-154
Closure4,11283,11222,-61
Closure5,9232,9551,319
Closure6,6478,1,-6477
Closure7,24,2,-22
Closure8,8760,8719,-41
Closure9,1,1,0
Closure10,28,7124,7096
Closure11,11870,14008,2138
Closure12,13457,15178,1721
Closure13,24186,24214,28
Closure14,11,6287,6276
Closure15,9733,10348,615
Closure16,7136,11567,4431
Closure17,78,6665,6587
Closure18,16585,17361,776
Closure19,7,1,-6
Closure20,17,2,-15
Closure21,27,51,24
Closure22,11,2,-9
Closure23,17,8,-9
Closure24,3,1,-2
Closure25,9279,8962,-317
Closure26,724,5,-719
Closure27,29,3,-26
Closure29,18974,18968,-6
Closure30,10410,11758,1348
Closure31,15935,16568,633
Closure32,158,7508,7350
Closure33,10781,11392,611
Closure34,1595,1603,8
Closure35,5735,5691,-44
Closure36,16527,17315,788
Closure37,16400,16628,228
Closure38,11077,11140,63
Closure39,15,789,774
Closure40,10251,11391,1140
Closure41,13050,12952,-98
Closure42,1,1852,1851
Closure43,12101,12326,225
Closure44,11424,11138,-286
Closure45,10771,10809,38
Closure46,29,817,788
Closure47,441,336,-105
Closure48,11613,11706,93
Closure49,14322,14368,46
Closure50,85,6829,6744
Closure51,10339,10526,187
Closure52,14,5924,5910
Closure53,7515,7967,452
Closure54,65,9207,9142
Closure55,11815,11935,120
Closure56,2,5824,5822
Closure57,19,4194,4175
Closure58,5,5694,5689
Closure59,25152,25904,752
Closure60,227,9727,9500
Closure61,22,9300,9278
Closure62,2,40,38
Closure63,2,40,38
Closure64,403,15912,15509
Closure65,68,13,-55
Closure66,12291,12718,427
Closure67,9837,9850,13
Closure68,12,48,36
Closure69,11651,11783,132
Closure70,13390,13038,-352
Closure71,102,8694,8592
Closure72,7044,7045,1
Closure73,8877,9280,403
Closure74,8033,8071,38
Closure75,53,8,-45
Closure76,6149,5796,-353
Closure77,240,188,-52
Closure78,27,1,-26
Closure79,28,6210,6182
Closure80,1,3361,3360
Closure81,2884,3041,157
Closure82,14432,14561,129
Closure83,14923,14934,11
Closure84,2536,2530,-6
Closure85,3018,3009,-9
Closure86,9,5505,5496
Closure87,8784,8924,140
Closure88,74,69,-5
Closure89,11492,11574,82
Closure90,22,6238,6216
Closure91,12094,11997,-97
Closure92,5855,5866,11
Closure93,5860,5879,19
Closure94,5914,863,-5051
Closure95,14130,14561,431
Closure96,6,10100,10094
Closure97,38,1,-37
Closure98,10924,11500,576
Closure99,364,345,-19
Closure100,1,6873,6872
Closure101,21019,21984,965
Closure102,21799,21975,176
Closure103,7,10288,10281
Closure104,17,939,922
Closure105,71,7,-64
Closure106,2,26,24
Closure107,22882,23500,618
Closure108,11229,12844,1615
Closure109,1,2804,2803
Closure110,24,4586,4562
Closure111,1,2748,2747
Closure112,10517,10505,-12
Closure113,1,7843,7842
Closure114,15375,15351,-24
Closure115,9163,8,-9155
Closure116,13827,15601,1774
Closure117,9987,9975,-12
Closure118,112,6331,6219
Closure120,2,10121,10119
Closure121,14536,14822,286
Closure122,5,1599,1594
Closure123,6999,9114,2115
Closure124,7,8857,8850
Closure125,13077,13046,-31
Closure126,83,5,-78
Closure127,8530,9473,943
Closure128,19,6110,6091
Closure129,24967,25226,259
Closure130,15669,16546,877
Closure131,10790,11860,1070
Closure132,20,7561,7541
Closure133,3693,4229,536
Lang1,3,1564,1561
Lang2,82,78,-4
Lang3,1583,1570,-13
Lang4,10,20,10
Lang5,6,6,0
Lang6,2720,2781,61
Lang7,1,1471,1470
Lang8,2,64,62
Lang9,641,648,7
Lang10,383,486,103
Lang11,21,20,-1
Lang12,3,6,3
Lang13,1,5,4
Lang14,1,1289,1288
Lang15,196,1910,1714
Lang16,1338,1446,108
Lang17,1140,1221,81
Lang18,26,223,197
Lang19,2,20,18
Lang20,2,39,37
Lang21,1,2,1
Lang22,215,229,14
Lang24,19,64,45
Lang26,256,245,-11
Lang27,34,1353,1319
Lang28,2,10,8
Lang30,2,208,206
Lang31,3,1585,1582
Lang32,1137,1160,23
Lang33,3,7,4
Lang34,626,627,1
Lang35,2,2,0
Lang36,8,46,38
Lang37,1,767,766
Lang38,1,3,2
Lang39,638,47,-591
Lang40,1,2,1
Lang41,1,121,120
Lang42,119,350,231
Lang43,4,6,2
Lang44,6,12,6
Lang45,16,10,-6
Lang46,1,7,6
Lang47,412,134,-278
Lang48,205,212,7
Lang49,1,1,0
Lang50,16,3,-13
Lang53,169,158,-11
Lang54,4,8,4
Lang55,34,42,8
Lang57,3,6,3
Lang58,3,937,934
Lang59,1,96,95
Lang60,6,2,-4
Lang61,3,583,580
Lang62,47,71,24
Lang63,2,1,-1
Lang64,1082,1093,11
Lang65,117,158,41
Math1,1547,30,-1517
Math2,1770,1777,7
Math3,5,257,252
Math4,2092,2098,6
Math5,1,1,0
Math6,109,170,61
Math7,1462,1451,-11
Math8,1,4,3
Math9,1,1,0
Math10,523,479,-44
Math11,4307,4295,-12
Math13,5266,5559,293
Math14,4497,4603,106
Math15,179,2364,2185
Math16,1337,1139,-198
Math17,581,648,67
Math18,1578,1579,1
Math19,1689,1669,-20
Math20,3494,4161,667
Math21,9,1901,1892
Math22,1,1,0
Math23,1871,1880,9
Math24,1941,1977,36
Math25,455,455,0
Math26,1922,1858,-64
Math27,1,22,21
Math28,3011,3020,9
Math29,1,6,5
Math30,19,433,414
Math31,594,587,-7
Math32,1,4,3
Math33,2953,2967,14
Math34,1,46,45
Math35,115,110,-5
Math36,171,24,-147
Math37,1107,4,-1103
Math38,7,5,-2
Math39,1975,2042,67
Math40,1539,1514,-25
Math41,32,1265,1233
Math42,2973,3005,32
Math43,2114,2092,-22
Math44,1692,1739,47
Math45,1,1067,1066
Math46,1709,3,-1706
Math47,5,3,-2
Math48,25,2589,2564
Math49,759,753,-6
Math50,1,1,0
Math51,2207,2216,9
Math52,6,51,45
Math53,1,697,696
Math54,5,1,-4
Math55,1,1304,1303
Math56,1,20,19
Math57,2007,2017,10
Math58,2284,2083,-201
Math59,1705,2,-1703
Math60,71,67,-4
Math61,37,1,-36
Math62,49,150,101
Math63,1,1,0
Math64,177,177,0
Math65,27,41,14
Math66,504,710,206
Math67,263,8,-255
Math68,227,209,-18
Math69,1410,1422,12
Math70,1,1,0
Math71,1,1,0
Math72,46,1,-45
Math73,5,1,-4
Math74,2053,2028,-25
Math75,1,1,0
Math76,1799,1798,-1
Math77,3,19,16
Math78,237,366,129
Math79,2,343,341
Math80,4,14,10
Math81,1,2086,2085
Math82,1713,1804,91
Math83,1630,1662,32
Math84,116,123,7
Math85,246,282,36
Math86,434,406,-28
Math87,1646,1640,-6
Math88,1,1590,1589
Math89,1,1,0
Math90,30,54,24
Math91,274,1,-273
Math92,1,6,5
Math93,1,7,6
Math94,208,204,-4
Math95,1,145,144
Math96,103,107,4
Math97,1,99,98
Math98,8,246,238
Math99,2,4,2
Math100,336,329,-7
Math101,70,71,1
Math102,3,3,0
Math103,155,191,36
Math105,40,68,28
Math106,53,50,-3
Mockito1,3,2,-1
Mockito2,1194,1191,-3
Mockito3,19,1216,1197
Mockito4,7,5,-2
Mockito5,2952,2952,0
Mockito6,2,1,-1
Mockito7,1065,1111,46
Mockito8,162,156,-6
Mockito9,1014,1076,62
Mockito10,9,872,863
Mockito11,1,93,92
Mockito12,1,2,1
Mockito13,1021,1030,9
Mockito14,865,868,3
Mockito15,805,859,54
Mockito16,6,197,191
Mockito17,1,385,384
Mockito18,639,647,8
Mockito19,10,658,648
Mockito20,177,163,-14
Mockito21,2,399,397
Mockito22,607,608,1
Mockito23,17,915,898
Mockito24,1,796,795
Mockito25,6,1261,1255
Mockito27,11,590,579
Mockito28,768,853,85
Mockito29,622,730,108
Mockito30,1,204,203
Mockito31,5,141,136
Mockito32,261,444,183
Mockito33,1112,1120,8
Mockito34,1595,1590,-5
Mockito35,2,85,83
Mockito36,824,1019,195
Mockito37,814,810,-4
Mockito38,635,647,12
Time1,2,1230,1228
Time2,10,1988,1978
Time3,2,1567,1565
Time4,4329,4327,-2
Time5,2,1772,1770
Time6,407,14,-393
Time7,9,3795,3786
Time8,19,1233,1214
Time9,21,1192,1171
Time10,14,4378,4364
Time11,3382,3411,29
Time12,5,3,-2
Time13,6,2684,2678
Time14,1,2448,2447
Time15,3,104,101
Time16,2525,1687,-838
Time17,1,639,638
Time18,1,2268,2267
Time19,5129,5379,250
Time20,142,1551,1409
Time21,1,21,20
Time22,11,2791,2780
Time23,1129,1301,172
Time24,5376,5554,178
Time25,5336,5329,-7
Time26,2247,2097,-150
Time27,4445,4502,57
