Project,MinRank1,MinRank2,Difference
Chart1,26,4997,4971
Chart2,66,1010,944
Chart3,1,367,366
Chart4,1166,22992,21826
Chart5,1,137,136
Chart6,106,650,544
Chart7,47,435,388
Chart8,2,116,114
Chart9,10,411,401
Chart10,1,3,2
Chart11,11,142,131
Chart12,39,2328,2289
Chart13,42,47,5
Chart14,26,6,-20
Chart15,32,5674,5642
Chart16,1,1,0
Chart17,2,626,624
Chart18,6,3,-3
Chart19,1,1,0
Chart20,14,448,434
Chart21,2,3,1
Chart22,23,12,-11
Chart24,1,3,2
Chart25,2349,2640,291
Chart26,2199,134,-2065
Closure1,4408,21998,17590
Closure2,105,5968,5863
Closure3,369,11851,11482
Closure4,405,11222,10817
Closure5,115,9551,9436
Closure6,76,1,-75
Closure7,50,2,-48
Closure8,20,8719,8699
Closure9,1,1,0
Closure10,87,7124,7037
Closure11,1300,14008,12708
Closure12,1123,15178,14055
Closure13,5676,24214,18538
Closure14,257,6287,6030
Closure15,67,10348,10281
Closure16,166,11567,11401
Closure17,242,6665,6423
Closure18,2803,17361,14558
Closure19,91,1,-90
Closure20,31,2,-29
Closure21,23,51,28
Closure22,23,2,-21
Closure23,26,8,-18
Closure24,5,1,-4
Closure25,32,8962,8930
Closure26,426,5,-421
Closure27,25,3,-22
Closure29,1081,18968,17887
Closure30,266,11758,11492
Closure31,2314,16568,14254
Closure32,534,7508,6974
Closure33,492,11392,10900
Closure34,314,1603,1289
Closure35,11,5691,5680
Closure36,699,17315,16616
Closure37,2074,16628,14554
Closure38,477,11140,10663
Closure39,9,789,780
Closure40,119,11391,11272
Closure41,1140,12952,11812
Closure42,3,1852,1849
Closure43,694,12326,11632
Closure44,980,11138,10158
Closure45,255,10809,10554
Closure46,20,817,797
Closure47,1278,336,-942
Closure48,373,11706,11333
Closure49,2198,14368,12170
Closure50,21,6829,6808
Closure51,453,10526,10073
Closure52,263,5924,5661
Closure53,48,7967,7919
Closure54,205,9207,9002
Closure55,318,11935,11617
Closure56,87,5824,5737
Closure57,83,4194,4111
Closure58,48,5694,5646
Closure59,8681,25904,17223
Closure60,295,9727,9432
Closure61,185,9300,9115
Closure62,22,40,18
Closure63,22,40,18
Closure64,620,15912,15292
Closure65,313,13,-300
Closure66,1241,12718,11477
Closure67,492,9850,9358
Closure68,11,48,37
Closure69,870,11783,10913
Closure70,2611,13038,10427
Closure71,369,8694,8325
Closure72,201,7045,6844
Closure73,357,9280,8923
Closure74,150,8071,7921
Closure75,25,8,-17
Closure76,141,5796,5655
Closure77,357,188,-169
Closure78,30,1,-29
Closure79,392,6210,5818
Closure80,3,3361,3358
Closure81,195,3041,2846
Closure82,4460,14561,10101
Closure83,11,14934,14923
Closure84,217,2530,2313
Closure85,85,3009,2924
Closure86,7,5505,5498
Closure87,156,8924,8768
Closure88,8,69,61
Closure89,160,11574,11414
Closure90,465,6238,5773
Closure91,363,11997,11634
Closure92,309,5866,5557
Closure93,310,5879,5569
Closure94,1,863,862
Closure95,2533,14561,12028
Closure96,173,10100,9927
Closure97,49,1,-48
Closure98,419,11500,11081
Closure99,43,345,302
Closure100,68,6873,6805
Closure101,21984,21984,0
Closure102,4768,21975,17207
Closure103,374,10288,9914
Closure104,17,939,922
Closure105,14,7,-7
Closure106,106,26,-80
Closure107,272,23500,23228
Closure108,262,12844,12582
Closure109,71,2804,2733
Closure110,50,4586,4536
Closure111,30,2748,2718
Closure112,133,10505,10372
Closure113,11,7843,7832
Closure114,367,15351,14984
Closure115,354,8,-346
Closure116,499,15601,15102
Closure117,187,9975,9788
Closure118,231,6331,6100
Closure120,531,10121,9590
Closure121,479,14822,14343
Closure122,9,1599,1590
Closure123,377,9114,8737
Closure124,115,8857,8742
Closure125,336,13046,12710
Closure126,103,5,-98
Closure127,395,9473,9078
Closure128,60,6110,6050
Closure129,4186,25226,21040
Closure130,608,16546,15938
Closure131,415,11860,11445
Closure132,41,7561,7520
Closure133,315,4229,3914
Lang1,6,1564,1558
Lang2,14,78,64
Lang3,5,1570,1565
Lang4,2,20,18
Lang5,1,6,5
Lang6,86,2781,2695
Lang7,120,1471,1351
Lang8,16,64,48
Lang9,339,648,309
Lang10,181,486,305
Lang11,3,20,17
Lang12,4,6,2
Lang13,2,5,3
Lang14,1,1289,1288
Lang15,217,1910,1693
Lang16,8,1446,1438
Lang17,101,1221,1120
Lang18,57,223,166
Lang19,2,20,18
Lang20,5,39,34
Lang21,1,2,1
Lang22,38,229,191
Lang24,23,64,41
Lang26,8,245,237
Lang27,128,1353,1225
Lang28,1,10,9
Lang30,16,208,192
Lang31,3,1585,1582
Lang32,5,1160,1155
Lang33,3,7,4
Lang34,193,627,434
Lang35,5,2,-3
Lang36,92,46,-46
Lang37,1,767,766
Lang38,1,3,2
Lang39,9,47,38
Lang40,3,2,-1
Lang41,7,121,114
Lang42,11,350,339
Lang43,1,6,5
Lang44,6,12,6
Lang45,9,10,1
Lang46,1,7,6
Lang47,7,134,127
Lang48,2,212,210
Lang49,2,1,-1
Lang50,7,3,-4
Lang53,20,158,138
Lang54,7,8,1
Lang55,6,42,36
Lang57,3,6,3
Lang58,32,937,905
Lang59,3,96,93
Lang60,18,2,-16
Lang61,15,583,568
Lang62,1,71,70
Lang63,2,1,-1
Lang64,1,1093,1092
Lang65,11,158,147
Math1,9,30,21
Math2,41,1777,1736
Math3,10,257,247
Math4,17,2098,2081
Math5,2,1,-1
Math6,197,170,-27
Math7,81,1451,1370
Math8,1,4,3
Math9,1,1,0
Math10,8,479,471
Math11,44,4295,4251
Math13,118,5559,5441
Math14,94,4603,4509
Math15,519,2364,1845
Math16,260,1139,879
Math17,203,648,445
Math18,20,1579,1559
Math19,42,1669,1627
Math20,810,4161,3351
Math21,32,1901,1869
Math22,1,1,0
Math23,149,1880,1731
Math24,149,1977,1828
Math25,1,455,454
Math26,45,1858,1813
Math27,2,22,20
Math28,11,3020,3009
Math29,1,6,5
Math30,38,433,395
Math31,198,587,389
Math32,10,4,-6
Math33,39,2967,2928
Math34,2,46,44
Math35,1,110,109
Math36,2,24,22
Math37,18,4,-14
Math38,9,5,-4
Math39,103,2042,1939
Math40,34,1514,1480
Math41,24,1265,1241
Math42,73,3005,2932
Math43,166,2092,1926
Math44,17,1739,1722
Math45,1,1067,1066
Math46,1,3,2
Math47,18,3,-15
Math48,321,2589,2268
Math49,5,753,748
Math50,1,1,0
Math51,34,2216,2182
Math52,24,51,27
Math53,1,697,696
Math54,139,1,-138
Math55,1,1304,1303
Math56,7,20,13
Math57,6,2017,2011
Math58,610,2083,1473
Math59,91,2,-89
Math60,40,67,27
Math61,1,1,0
Math62,2,150,148
Math63,2,1,-1
Math64,169,177,8
Math65,71,41,-30
Math66,475,710,235
Math67,172,8,-164
Math68,128,209,81
Math69,22,1422,1400
Math70,1,1,0
Math71,2,1,-1
Math72,8,1,-7
Math73,5,1,-4
Math74,747,2028,1281
Math75,2,1,-1
Math76,64,1798,1734
Math77,4,19,15
Math78,99,366,267
Math79,9,343,334
Math80,1,14,13
Math81,11,2086,2075
Math82,1804,1804,0
Math83,27,1662,1635
Math84,45,123,78
Math85,83,282,199
Math86,140,406,266
Math87,118,1640,1522
Math88,1,1590,1589
Math89,1,1,0
Math90,3,54,51
Math91,2,1,-1
Math92,2,6,4
Math93,1,7,6
Math94,15,204,189
Math95,3,145,142
Math96,6,107,101
Math97,2,99,97
Math98,17,246,229
Math99,6,4,-2
Math100,17,329,312
Math101,37,71,34
Math102,3,3,0
Math103,33,191,158
Math105,68,68,0
Math106,8,50,42
Mockito1,77,2,-75
Mockito2,78,1191,1113
Mockito3,27,1216,1189
Mockito4,11,5,-6
Mockito5,3065,2952,-113
Mockito6,1,1,0
Mockito7,41,1111,1070
Mockito8,23,156,133
Mockito9,21,1076,1055
Mockito10,33,872,839
Mockito11,1,93,92
Mockito12,1,2,1
Mockito13,98,1030,932
Mockito14,86,868,782
Mockito15,127,859,732
Mockito16,3,197,194
Mockito17,3,385,382
Mockito18,1,647,646
Mockito19,4,658,654
Mockito20,478,163,-315
Mockito21,1,399,398
Mockito22,10,608,598
Mockito23,40,915,875
Mockito24,1,796,795
Mockito25,4,1261,1257
Mockito26,2995,-1,-1
Mockito27,13,590,577
Mockito28,192,853,661
Mockito29,55,730,675
Mockito30,12,204,192
Mockito31,5,141,136
Mockito32,36,444,408
Mockito33,268,1120,852
Mockito34,150,1590,1440
Mockito35,1,85,84
Mockito36,5,1019,1014
Mockito37,95,810,715
Mockito38,6,647,641
Time1,18,1230,1212
Time2,25,1988,1963
Time3,1,1567,1566
Time4,10,4327,4317
Time5,105,1772,1667
Time6,71,14,-57
Time7,33,3795,3762
Time8,7,1233,1226
Time9,28,1192,1164
Time10,11,4378,4367
Time11,431,3411,2980
Time12,10,3,-7
Time13,17,2684,2667
Time14,42,2448,2406
Time15,4,104,100
Time16,1,1687,1686
Time17,6,639,633
Time18,1,2268,2267
Time19,1008,5379,4371
Time20,666,1551,885
Time21,41,21,-20
Time22,2,2791,2789
Time23,37,1301,1264
Time24,371,5554,5183
Time25,1343,5329,3986
Time26,756,2097,1341
Time27,275,4502,4227
