Project,MinRank1,MinRank2,Difference
Chart1,195,42,-153
Chart2,81,51,-30
Chart3,12,12,0
Chart4,1953,241,-1712
Chart5,6,8,2
Chart6,77,29,-48
Chart7,30,86,56
Chart8,3,15,12
Chart9,79,10,-69
Chart10,1,1,0
Chart11,11,5,-6
Chart12,376,97,-279
Chart13,105,21,-84
Chart14,356,8,-348
Chart15,586,16,-570
Chart16,5,5,0
Chart17,28,5,-23
Chart18,21,5,-16
Chart19,151,1,-150
Chart20,57,11,-46
Chart21,27,1,-26
Chart22,57,5,-52
Chart24,3,4,1
Chart25,1426,3,-1423
Chart26,4631,669,-3962
Closure1,8315,123,-8192
Closure2,1571,10,-1561
Closure3,2791,1504,-1287
Closure4,3899,4943,1044
Closure5,1451,58,-1393
Closure6,1300,6,-1294
Closure7,489,12,-477
Closure8,163,2441,2278
Closure9,1,1,0
Closure10,787,1685,898
Closure11,2940,1827,-1113
Closure12,3548,1888,-1660
Closure13,6114,5541,-573
Closure14,3464,38,-3426
Closure15,796,61,-735
Closure16,2844,169,-2675
Closure17,3072,10,-3062
Closure18,2313,1920,-393
Closure19,1502,6,-1496
Closure20,1403,2245,842
Closure21,484,7,-477
Closure22,315,1,-314
Closure23,866,67,-799
Closure24,711,3,-708
Closure25,1092,2694,1602
Closure26,2167,24,-2143
Closure27,14,1,-13
Closure29,3253,2938,-315
Closure30,1681,1695,14
Closure31,1866,713,-1153
Closure32,2106,50,-2056
Closure33,3218,2317,-901
Closure34,136,28,-108
Closure35,857,26,-831
Closure36,3298,5948,2650
Closure37,1040,716,-324
Closure38,838,147,-691
Closure39,77,4,-73
Closure40,2735,3814,1079
Closure41,1004,4104,3100
Closure42,195,11,-184
Closure43,3645,2729,-916
Closure44,745,884,139
Closure45,930,1681,751
Closure46,357,2,-355
Closure47,3512,243,-3269
Closure48,1949,178,-1771
Closure49,627,99,-528
Closure50,366,64,-302
Closure51,811,17,-794
Closure52,1182,7,-1175
Closure53,1665,3126,1461
Closure54,2853,71,-2782
Closure55,1638,1195,-443
Closure56,454,1,-453
Closure57,592,4,-588
Closure58,1982,14,-1968
Closure59,2872,3588,716
Closure60,820,2,-818
Closure61,1198,1118,-80
Closure62,38,1,-37
Closure63,39,1,-38
Closure64,1632,1345,-287
Closure65,979,1,-978
Closure66,2156,2785,629
Closure67,1437,2399,962
Closure68,313,7,-306
Closure69,1126,189,-937
Closure70,4440,597,-3843
Closure71,2763,3280,517
Closure72,552,1608,1056
Closure73,723,9,-714
Closure74,904,37,-867
Closure75,336,1,-335
Closure76,656,48,-608
Closure77,882,36,-846
Closure78,1114,3,-1111
Closure79,886,16,-870
Closure80,20,7,-13
Closure81,460,4,-456
Closure82,2495,258,-2237
Closure83,146,74,-72
Closure84,185,9,-176
Closure85,338,66,-272
Closure86,178,13,-165
Closure87,1260,788,-472
Closure88,963,55,-908
Closure89,720,55,-665
Closure90,3111,582,-2529
Closure91,521,1939,1418
Closure92,1780,2107,327
Closure93,1778,2157,379
Closure94,15,4,-11
Closure95,3400,2135,-1265
Closure96,848,37,-811
Closure97,1325,35,-1290
Closure98,311,752,441
Closure99,742,66,-676
Closure100,1661,38,-1623
Closure101,2856,3976,1120
Closure102,1279,3147,1868
Closure103,2568,20,-2548
Closure104,211,9,-202
Closure105,373,42,-331
Closure106,1407,27,-1380
Closure107,2113,69,-2044
Closure108,2243,53,-2190
Closure109,938,5,-933
Closure110,1060,35,-1025
Closure111,1945,4,-1941
Closure112,3342,65,-3277
Closure113,778,8,-770
Closure114,3396,90,-3306
Closure115,234,7,-227
Closure116,1534,46,-1488
Closure117,1764,153,-1611
Closure118,3998,5618,1620
Closure120,3076,2243,-833
Closure121,1771,90,-1681
Closure122,113,3,-110
Closure123,1730,98,-1632
Closure124,1470,18,-1452
Closure125,1071,95,-976
Closure126,1069,2582,1513
Closure127,2287,2062,-225
Closure128,444,2,-442
Closure129,1861,6780,4919
Closure130,773,3664,2891
Closure131,1089,84,-1005
Closure132,842,1938,1096
Closure133,404,1322,918
Lang1,22,3,-19
Lang2,18,18,0
Lang3,13,5,-8
Lang4,2,5,3
Lang5,7,1,-6
Lang6,84,72,-12
Lang7,119,23,-96
Lang8,120,11,-109
Lang9,74,62,-12
Lang10,146,34,-112
Lang11,4,1,-3
Lang12,7,6,-1
Lang13,13,4,-9
Lang14,1,1,0
Lang15,175,249,74
Lang16,11,8,-3
Lang17,73,19,-54
Lang18,129,46,-83
Lang19,2,9,7
Lang20,6,4,-2
Lang21,1,1,0
Lang22,31,27,-4
Lang24,49,153,104
Lang26,50,12,-38
Lang27,135,27,-108
Lang28,3,1,-2
Lang30,25,2,-23
Lang31,3,5,2
Lang32,4,4,0
Lang33,692,692,0
Lang34,70,74,4
Lang35,4,1,-3
Lang36,204,91,-113
Lang37,1,4,3
Lang38,3,1,-2
Lang39,9,38,29
Lang40,3,2,-1
Lang41,4,6,2
Lang42,53,3,-50
Lang43,6,6,0
Lang44,5,5,0
Lang45,6,1,-5
Lang46,1,1,0
Lang47,28,23,-5
Lang48,3,2,-1
Lang49,3,2,-1
Lang50,18,12,-6
Lang53,123,123,0
Lang54,14,1,-13
Lang55,3,9,6
Lang57,3,1,-2
Lang58,49,27,-22
Lang59,5,1,-4
Lang60,48,6,-42
Lang61,22,27,5
Lang62,33,6,-27
Lang63,2,2,0
Lang64,1,1,0
Lang65,12,6,-6
Math1,92,6,-86
Math2,17,71,54
Math3,10,7,-3
Math4,142,2,-140
Math5,4,2,-2
Math6,361,285,-76
Math7,517,46,-471
Math8,8,3,-5
Math9,1,3,2
Math10,30,11,-19
Math11,135,60,-75
Math13,85,188,103
Math14,100,43,-57
Math15,541,2,-539
Math16,341,4,-337
Math17,187,508,321
Math18,571,3,-568
Math19,242,18,-224
Math20,873,453,-420
Math21,46,6,-40
Math22,4,1,-3
Math23,262,41,-221
Math24,135,71,-64
Math25,12,2,-10
Math26,404,24,-380
Math27,8,2,-6
Math28,76,22,-54
Math29,6,3,-3
Math30,71,24,-47
Math31,63,81,18
Math32,1093,64,-1029
Math33,235,51,-184
Math34,4,1,-3
Math35,1,6,5
Math36,3,1,-2
Math37,57,1,-56
Math38,118,2,-116
Math39,66,462,396
Math40,109,131,22
Math41,59,14,-45
Math42,334,331,-3
Math43,151,96,-55
Math44,210,13,-197
Math45,1,1,0
Math46,6,1,-5
Math47,165,1,-164
Math48,419,687,268
Math49,45,5,-40
Math50,237,1,-236
Math51,355,29,-326
Math52,66,9,-57
Math53,6,2,-4
Math54,281,11,-270
Math55,1,1,0
Math56,123,5,-118
Math57,151,8,-143
Math58,337,128,-209
Math59,105,1,-104
Math60,195,17,-178
Math61,337,590,253
Math62,2,325,323
Math63,3,1,-2
Math64,100,105,5
Math65,51,70,19
Math66,60,162,102
Math67,209,173,-36
Math68,75,83,8
Math69,51,64,13
Math70,2,1,-1
Math71,88,2,-86
Math72,23,8,-15
Math73,17,12,-5
Math74,131,984,853
Math75,33,1,-32
Math76,146,60,-86
Math77,8,19,11
Math78,111,46,-65
Math79,15,12,-3
Math80,29,69,40
Math81,33,46,13
Math82,135,214,79
Math83,94,69,-25
Math84,54,13,-41
Math85,82,111,29
Math86,183,40,-143
Math87,81,35,-46
Math88,68,1,-67
Math89,2,1,-1
Math90,3,5,2
Math91,23,1,-22
Math92,1,1,0
Math93,1,2,1
Math94,14,11,-3
Math95,13,8,-5
Math96,9,6,-3
Math97,9,1,-8
Math98,32,3,-29
Math99,13,5,-8
Math100,167,5,-162
Math101,55,15,-40
Math102,55,1,-54
Math103,34,30,-4
Math105,7,25,18
Math106,34,8,-26
Mockito1,519,1,-518
Mockito2,3,16,13
Mockito3,145,3,-142
Mockito4,2100,2100,0
Mockito5,2915,2915,0
Mockito6,22,2,-20
Mockito7,387,36,-351
Mockito8,21,37,16
Mockito9,938,938,0
Mockito10,315,9,-306
Mockito11,2,1,-1
Mockito12,102,39,-63
Mockito13,394,83,-311
Mockito14,117,509,392
Mockito15,167,174,7
Mockito16,7,4,-3
Mockito17,10,2,-8
Mockito18,7,26,19
Mockito19,492,493,1
Mockito20,134,217,83
Mockito21,2,2,0
Mockito22,113,9,-104
Mockito23,286,272,-14
Mockito24,3,1,-2
Mockito25,50,58,8
Mockito26,16,41,25
Mockito27,74,3,-71
Mockito28,170,470,300
Mockito29,829,829,0
Mockito30,148,6,-142
Mockito31,37,1,-36
Mockito32,409,424,15
Mockito33,3,84,81
Mockito34,502,42,-460
Mockito35,7,9,2
Mockito36,1857,1857,0
Mockito37,400,10,-390
Mockito38,899,899,0
Time1,685,4,-681
Time2,638,6,-632
Time3,2,1,-1
Time4,420,16,-404
Time5,452,2,-450
Time6,626,5,-621
Time7,978,49,-929
Time8,46,10,-36
Time9,150,5,-145
Time10,63,499,436
Time11,290,358,68
Time12,472,21,-451
Time13,464,13,-451
Time14,592,8,-584
Time15,4,1,-3
Time16,1,1,0
Time17,47,1,-46
Time18,178,11,-167
Time19,345,254,-91
Time20,1008,6,-1002
Time21,262,2,-260
Time22,3,11,8
Time23,109,1,-108
Time24,470,157,-313
Time25,551,109,-442
Time26,845,80,-765
Time27,56,1271,1215
