Project,MinRank1,MinRank2,Difference
Chart1,111,42,-69
Chart2,107,92,-15
Chart3,7,3,-4
Chart4,179,311,132
Chart5,8,8,0
Chart6,74,650,576
Chart7,94,435,341
Chart8,15,1,-14
Chart9,6,14,8
Chart10,53,53,0
Chart11,8,5,-3
Chart12,142,13,-129
Chart13,19,47,28
Chart14,9,6,-3
Chart15,50,29,-21
Chart16,1,1,0
Chart17,2,2,0
Chart18,9,3,-6
Chart19,6,1,-5
Chart20,20,448,428
Chart21,6,3,-3
Chart22,7,12,5
Chart24,6,3,-3
Chart25,1602,2640,1038
Chart26,233,134,-99
Closure1,1770,1744,-26
Closure2,73,66,-7
Closure3,120,279,159
Closure4,1475,9518,8043
Closure5,317,154,-163
Closure6,52,1,-51
Closure7,10,2,-8
Closure8,71,123,52
Closure9,4,1,-3
Closure10,399,215,-184
Closure11,174,14008,13834
Closure12,666,15178,14512
Closure13,4929,24214,19285
Closure14,113,4,-109
Closure15,279,185,-94
Closure16,88,205,117
Closure17,478,86,-392
Closure18,2624,17361,14737
Closure19,29,1,-28
Closure20,19,2,-17
Closure21,55,6,-49
Closure22,1,4,3
Closure23,39,8,-31
Closure24,20,1,-19
Closure25,126,107,-19
Closure26,42,5,-37
Closure27,23,3,-20
Closure29,1936,447,-1489
Closure30,233,242,9
Closure31,2091,16568,14477
Closure32,79,35,-44
Closure33,579,10413,9834
Closure34,250,1644,1394
Closure35,169,6,-163
Closure36,1320,1062,-258
Closure37,1897,16628,14731
Closure38,400,11132,10732
Closure39,56,21,-35
Closure40,148,120,-28
Closure41,1156,12951,11795
Closure42,7,1,-6
Closure43,1395,12296,10901
Closure44,919,11138,10219
Closure45,511,10793,10282
Closure46,2,1,-1
Closure47,274,338,64
Closure48,503,11694,11191
Closure49,1961,13810,11849
Closure50,132,88,-44
Closure51,395,10525,10130
Closure52,87,116,29
Closure53,113,47,-66
Closure54,1048,55,-993
Closure55,271,9947,9676
Closure56,47,65,18
Closure57,160,25,-135
Closure58,11,7,-4
Closure59,8829,25904,17075
Closure60,1144,21,-1123
Closure61,308,146,-162
Closure62,3,4,1
Closure63,3,4,1
Closure64,1239,1481,242
Closure65,296,78,-218
Closure66,1955,12664,10709
Closure67,407,9571,9164
Closure68,8,3,-5
Closure69,1044,11744,10700
Closure70,1631,13035,11404
Closure71,521,227,-294
Closure72,593,7121,6528
Closure73,593,9137,8544
Closure74,139,123,-16
Closure75,38,8,-30
Closure76,124,138,14
Closure77,159,370,211
Closure78,7,1,-6
Closure79,184,51,-133
Closure80,128,13,-115
Closure81,117,3026,2909
Closure82,4329,14561,10232
Closure83,11,12732,12721
Closure84,105,2543,2438
Closure85,90,164,74
Closure86,19,2,-17
Closure87,151,8724,8573
Closure88,450,69,-381
Closure89,311,142,-169
Closure90,374,46,-328
Closure91,571,11997,11426
Closure92,379,85,-294
Closure93,380,85,-295
Closure94,7,4,-3
Closure95,2476,14561,12085
Closure96,276,10045,9769
Closure97,14,1,-13
Closure98,443,11498,11055
Closure99,17,16,-1
Closure100,10,7,-3
Closure101,21984,21984,0
Closure102,4398,21975,17577
Closure103,173,288,115
Closure104,75,13,-62
Closure105,53,7,-46
Closure106,25,105,80
Closure107,186,132,-54
Closure108,111,11732,11621
Closure109,95,33,-62
Closure110,71,2,-69
Closure111,1,1,0
Closure112,208,110,-98
Closure113,117,17,-100
Closure114,332,15347,15015
Closure115,276,8,-268
Closure116,456,31,-425
Closure117,2170,10050,7880
Closure118,398,2,-396
Closure120,22,226,204
Closure121,321,14779,14458
Closure122,141,9,-132
Closure123,357,139,-218
Closure124,72,10,-62
Closure125,615,12959,12344
Closure126,36,5,-31
Closure127,207,210,3
Closure128,175,102,-73
Closure129,4111,25226,21115
Closure130,834,16541,15707
Closure131,1075,11546,10471
Closure132,175,80,-95
Closure133,193,4229,4036
Lang1,4,3,-1
Lang2,4,3,-1
Lang3,1,3,2
Lang4,6,17,11
Lang5,4,1,-3
Lang6,57,2766,2709
Lang7,12,122,110
Lang8,19,6,-13
Lang9,356,648,292
Lang10,142,480,338
Lang11,8,3,-5
Lang12,7,5,-2
Lang13,6,5,-1
Lang14,2,4,2
Lang15,189,217,28
Lang16,78,27,-51
Lang17,21,1221,1200
Lang18,72,41,-31
Lang19,5,8,3
Lang20,22,8,-14
Lang21,1,2,1
Lang22,42,35,-7
Lang24,131,64,-67
Lang26,18,245,227
Lang27,72,127,55
Lang28,31,3,-28
Lang30,1,8,7
Lang31,1,6,5
Lang32,8,26,18
Lang33,6,7,1
Lang34,174,475,301
Lang35,1,2,1
Lang36,82,42,-40
Lang37,1,6,5
Lang38,2,3,1
Lang39,48,27,-21
Lang40,1,2,1
Lang41,6,6,0
Lang42,19,13,-6
Lang43,2,6,4
Lang44,13,3,-10
Lang45,18,10,-8
Lang46,2,1,-1
Lang47,3,5,2
Lang48,2,167,165
Lang49,4,1,-3
Lang50,20,8,-12
Lang53,35,16,-19
Lang54,3,3,0
Lang55,7,36,29
Lang57,2,48,46
Lang58,11,20,9
Lang59,12,6,-6
Lang60,38,2,-36
Lang61,26,21,-5
Lang62,7,4,-3
Lang63,1,1,0
Lang64,6,4,-2
Lang65,4,7,3
Math1,61,8,-53
Math2,50,44,-6
Math3,14,3,-11
Math4,21,17,-4
Math5,1,1,0
Math6,549,170,-379
Math7,176,42,-134
Math8,16,4,-12
Math9,3,1,-2
Math10,79,12,-67
Math11,130,31,-99
Math13,167,5357,5190
Math14,125,4595,4470
Math15,469,211,-258
Math16,56,1,-55
Math17,107,591,484
Math18,28,14,-14
Math19,29,56,27
Math20,100,4057,3957
Math21,25,46,21
Math22,1,1,0
Math23,61,1982,1921
Math24,104,1982,1878
Math25,22,1,-21
Math26,32,1846,1814
Math27,1,1,0
Math28,13,12,-1
Math29,1,6,5
Math30,82,41,-41
Math31,156,748,592
Math32,5,4,-1
Math33,102,2967,2865
Math34,30,3,-27
Math35,6,3,-3
Math36,1,2,1
Math37,2,6,4
Math38,2,5,3
Math39,77,2042,1965
Math40,98,33,-65
Math41,44,43,-1
Math42,36,3004,2968
Math43,184,2003,1819
Math44,113,14,-99
Math45,2,1,-1
Math46,1,2,1
Math47,1,2,1
Math48,676,355,-321
Math49,38,7,-31
Math50,1,1,0
Math51,26,2215,2189
Math52,12,22,10
Math53,2,1,-1
Math54,166,112,-54
Math55,21,1,-20
Math56,1,20,19
Math57,6,4,-2
Math58,468,2081,1613
Math59,628,2,-626
Math60,31,36,5
Math61,5,1,-4
Math62,315,150,-165
Math63,6,1,-5
Math64,142,180,38
Math65,14,41,27
Math66,219,503,284
Math67,16,8,-8
Math68,116,333,217
Math69,26,44,18
Math70,1,1,0
Math71,2,1,-1
Math72,3,1,-2
Math73,7,1,-6
Math74,738,2481,1743
Math75,1,1,0
Math76,167,1889,1722
Math77,2,19,17
Math78,56,366,310
Math79,17,29,12
Math80,8,14,6
Math81,11,10,-1
Math82,1804,1804,0
Math83,18,1661,1643
Math84,43,55,12
Math85,74,77,3
Math86,135,446,311
Math87,109,1656,1547
Math88,1,1,0
Math89,4,1,-3
Math90,2,54,52
Math91,1,1,0
Math92,2,2,0
Math93,3,2,-1
Math94,14,204,190
Math95,6,15,9
Math96,12,92,80
Math97,1,1,0
Math98,12,4,-8
Math99,1,4,3
Math100,14,9,-5
Math101,4,39,35
Math102,3,3,0
Math103,32,32,0
Math105,68,68,0
Math106,5,10,5
Mockito1,1,2,1
Mockito2,76,916,840
Mockito3,57,1,-56
Mockito4,10,7,-3
Mockito5,3066,2980,-86
Mockito6,19,1,-18
Mockito7,27,967,940
Mockito8,34,155,121
Mockito9,21,1077,1056
Mockito10,7,12,5
Mockito11,1,1,0
Mockito12,4,2,-2
Mockito13,202,1030,828
Mockito14,73,868,795
Mockito15,178,859,681
Mockito16,40,4,-36
Mockito17,8,4,-4
Mockito18,112,647,535
Mockito19,173,12,-161
Mockito20,558,226,-332
Mockito21,1,1,0
Mockito22,11,608,597
Mockito23,132,66,-66
Mockito24,1,1,0
Mockito25,46,63,17
Mockito26,3017,-1,-1
Mockito27,157,37,-120
Mockito28,255,853,598
Mockito29,84,31,-53
Mockito30,3,1,-2
Mockito31,2,2,0
Mockito32,62,2,-60
Mockito33,249,1119,870
Mockito34,181,1589,1408
Mockito35,7,1,-6
Mockito36,263,4,-259
Mockito37,53,809,756
Mockito38,68,583,515
Time1,3,2,-1
Time2,2,3,1
Time3,29,1,-28
Time4,43,30,-13
Time5,159,26,-133
Time6,5,4,-1
Time7,133,17,-116
Time8,34,24,-10
Time9,71,3,-68
Time10,321,199,-122
Time11,336,448,112
Time12,2,7,5
Time13,52,19,-33
Time14,27,5,-22
Time15,2,2,0
Time16,19,7,-12
Time17,3,5,2
Time18,62,3,-59
Time19,950,5379,4429
Time20,220,339,119
Time21,111,33,-78
Time22,33,16,-17
Time23,37,1301,1264
Time24,410,5370,4960
Time25,407,5266,4859
Time26,1836,332,-1504
Time27,290,4502,4212
