Project,now,before,Difference
Chart1,4667,4997,330
Chart2,979,1010,31
Chart3,1,367,366
Chart4,23567,22992,-575
Chart5,1,137,136
Chart6,654,650,-4
Chart7,399,435,36
Chart8,2,116,114
Chart9,10,411,401
Chart10,1,3,2
Chart11,148,142,-6
Chart12,2690,2328,-362
Chart13,42,47,5
Chart14,3075,6,-3069
Chart15,5056,5674,618
Chart16,1,1,0
Chart17,535,626,91
Chart18,6,3,-3
Chart19,1,1,0
Chart20,450,448,-2
Chart21,2,3,1
Chart22,18,12,-6
Chart24,1,3,2
Chart25,2547,2640,93
Chart26,1070,134,-936
Closure1,22395,21998,-397
Closure2,95,5968,5873
Closure3,12502,11851,-651
Closure4,11240,11222,-18
Closure5,9377,9551,174
Closure6,54,1,-53
Closure7,32,2,-30
Closure8,32,8719,8687
Closure9,1,1,0
Closure10,83,7124,7041
Closure11,14301,14008,-293
Closure12,15272,15178,-94
Closure13,24340,24214,-126
Closure14,9769,6287,-3482
Closure15,7897,10348,2451
Closure16,11351,11567,216
Closure17,9235,6665,-2570
Closure18,17226,17361,135
Closure19,79,1,-78
Closure20,30,2,-28
Closure21,22,51,29
Closure22,22,2,-20
Closure23,20,8,-12
Closure24,3,1,-2
Closure25,7155,8962,1807
Closure26,333,5,-328
Closure27,22,3,-19
Closure29,18782,18968,186
Closure30,11752,11758,6
Closure31,16482,16568,86
Closure32,11273,7508,-3765
Closure33,11476,11392,-84
Closure34,1572,1603,31
Closure35,9,5691,5682
Closure36,16154,17315,1161
Closure37,16684,16628,-56
Closure38,11124,11140,16
Closure39,9,789,780
Closure40,11437,11391,-46
Closure41,13396,12952,-444
Closure42,2,1852,1850
Closure43,12405,12326,-79
Closure44,11358,11138,-220
Closure45,10782,10809,27
Closure46,14,817,803
Closure47,11313,336,-10977
Closure48,11600,11706,106
Closure49,14317,14368,51
Closure50,33,6829,6796
Closure51,10515,10526,11
Closure52,8199,5924,-2275
Closure53,8043,7967,-76
Closure54,9856,9207,-649
Closure55,11995,11935,-60
Closure56,80,5824,5744
Closure57,66,4194,4128
Closure58,6104,5694,-410
Closure59,25620,25904,284
Closure60,242,9727,9485
Closure61,9103,9300,197
Closure62,104,40,-64
Closure63,104,40,-64
Closure64,4330,15912,11582
Closure65,7505,13,-7492
Closure66,13111,12718,-393
Closure67,9900,9850,-50
Closure68,11,48,37
Closure69,11598,11783,185
Closure70,14060,13038,-1022
Closure71,9494,8694,-800
Closure72,7003,7045,42
Closure73,9414,9280,-134
Closure74,7789,8071,282
Closure75,22,8,-14
Closure76,7310,5796,-1514
Closure77,242,188,-54
Closure78,15,1,-14
Closure79,9670,6210,-3460
Closure80,3,3361,3358
Closure81,3067,3041,-26
Closure82,14635,14561,-74
Closure83,15328,14934,-394
Closure84,2497,2530,33
Closure85,2978,3009,31
Closure86,7,5505,5498
Closure87,8939,8924,-15
Closure88,9,69,60
Closure89,11233,11574,341
Closure90,10213,6238,-3975
Closure91,11922,11997,75
Closure92,7630,5866,-1764
Closure93,7626,5879,-1747
Closure94,1,863,862
Closure95,15686,14561,-1125
Closure96,9910,10100,190
Closure97,6378,1,-6377
Closure98,11415,11500,85
Closure99,350,345,-5
Closure100,7926,6873,-1053
Closure101,22721,21984,-737
Closure102,21854,21975,121
Closure103,10710,10288,-422
Closure104,16,939,923
Closure105,15,7,-8
Closure106,2409,26,-2383
Closure107,23387,23500,113
Closure108,12907,12844,-63
Closure109,3401,2804,-597
Closure110,34,4586,4552
Closure111,8864,2748,-6116
Closure112,10688,10505,-183
Closure113,9,7843,7834
Closure114,15476,15351,-125
Closure115,11134,8,-11126
Closure116,15642,15601,-41
Closure117,10001,9975,-26
Closure118,10804,6331,-4473
Closure120,12260,10121,-2139
Closure121,14752,14822,70
Closure122,9,1599,1590
Closure123,10514,9114,-1400
Closure124,8810,8857,47
Closure125,12152,13046,894
Closure126,95,5,-90
Closure127,9486,9473,-13
Closure128,66,6110,6044
Closure129,25107,25226,119
Closure130,15975,16546,571
Closure131,11906,11860,-46
Closure132,40,7561,7521
Closure133,3989,4229,240
Lang1,1631,1564,-67
Lang2,80,78,-2
Lang3,5,1570,1565
Lang4,16,20,4
Lang5,6,6,0
Lang6,2775,2781,6
Lang7,1688,1471,-217
Lang8,12,64,52
Lang9,596,648,52
Lang10,498,486,-12
Lang11,20,20,0
Lang12,4,6,2
Lang13,2,5,3
Lang14,1,1289,1288
Lang15,1907,1910,3
Lang16,8,1446,1438
Lang17,1207,1221,14
Lang18,257,223,-34
Lang19,15,20,5
Lang20,5,39,34
Lang21,1,2,1
Lang22,223,229,6
Lang24,19,64,45
Lang26,248,245,-3
Lang27,1360,1353,-7
Lang28,1,10,9
Lang30,17,208,191
Lang31,3,1585,1582
Lang32,1080,1160,80
Lang33,3,7,4
Lang34,606,627,21
Lang35,4,2,-2
Lang36,1264,46,-1218
Lang37,1,767,766
Lang38,1,3,2
Lang39,9,47,38
Lang40,584,2,-582
Lang41,165,121,-44
Lang42,347,350,3
Lang43,1,6,5
Lang44,10,12,2
Lang45,9,10,1
Lang46,1,7,6
Lang47,705,134,-571
Lang48,197,212,15
Lang49,2,1,-1
Lang50,7,3,-4
Lang53,163,158,-5
Lang54,44,8,-36
Lang55,41,42,1
Lang57,3,6,3
Lang58,1298,937,-361
Lang59,25,96,71
Lang60,558,2,-556
Lang61,405,583,178
Lang62,45,71,26
Lang63,2,1,-1
Lang64,1,1093,1092
Lang65,169,158,-11
Math1,9,30,21
Math2,1768,1777,9
Math3,264,257,-7
Math4,2094,2098,4
Math5,2,1,-1
Math6,195,170,-25
Math7,1451,1451,0
Math8,1,4,3
Math9,1,1,0
Math10,5,479,474
Math11,4309,4295,-14
Math13,5317,5559,242
Math14,4761,4603,-158
Math15,2403,2364,-39
Math16,1313,1139,-174
Math17,633,648,15
Math18,1577,1579,2
Math19,1664,1669,5
Math20,4407,4161,-246
Math21,37,1901,1864
Math22,1,1,0
Math23,1935,1880,-55
Math24,1974,1977,3
Math25,455,455,0
Math26,1916,1858,-58
Math27,2,22,20
Math28,3018,3020,2
Math29,1,6,5
Math30,38,433,395
Math31,606,587,-19
Math32,7,4,-3
Math33,2976,2967,-9
Math34,2,46,44
Math35,108,110,2
Math36,2,24,22
Math37,12,4,-8
Math38,9,5,-4
Math39,1957,2042,85
Math40,1516,1514,-2
Math41,1249,1265,16
Math42,3079,3005,-74
Math43,2105,2092,-13
Math44,1669,1739,70
Math45,981,1067,86
Math46,1,3,2
Math47,1713,3,-1710
Math48,2593,2589,-4
Math49,5,753,748
Math50,1,1,0
Math51,2257,2216,-41
Math52,24,51,27
Math53,695,697,2
Math54,3,1,-2
Math55,1,1304,1303
Math56,7,20,13
Math57,2011,2017,6
Math58,2140,2083,-57
Math59,71,2,-69
Math60,66,67,1
Math61,1,1,0
Math62,2,150,148
Math63,2,1,-1
Math64,177,177,0
Math65,1556,41,-1515
Math66,469,710,241
Math67,172,8,-164
Math68,230,209,-21
Math69,1400,1422,22
Math70,1,1,0
Math71,2,1,-1
Math72,7,1,-6
Math73,5,1,-4
Math74,2028,2028,0
Math75,2,1,-1
Math76,1798,1798,0
Math77,4,19,15
Math78,360,366,6
Math79,9,343,334
Math80,1,14,13
Math81,2101,2086,-15
Math82,1802,1804,2
Math83,1650,1662,12
Math84,113,123,10
Math85,297,282,-15
Math86,425,406,-19
Math87,1643,1640,-3
Math88,1602,1590,-12
Math89,1,1,0
Math90,54,54,0
Math91,313,1,-312
Math92,2,6,4
Math93,1,7,6
Math94,214,204,-10
Math95,4,145,141
Math96,107,107,0
Math97,97,99,2
Math98,425,246,-179
Math99,245,4,-241
Math100,333,329,-4
Math101,115,71,-44
Math102,3,3,0
Math103,194,191,-3
Math105,47,68,21
Math106,48,50,2
Mockito1,46,2,-44
Mockito2,1095,1191,96
Mockito3,457,1216,759
Mockito4,9,5,-4
Mockito5,2950,2952,2
Mockito6,1,1,0
Mockito7,1104,1111,7
Mockito8,144,156,12
Mockito9,1251,1076,-175
Mockito10,933,872,-61
Mockito11,1,93,92
Mockito12,1,2,1
Mockito13,1075,1030,-45
Mockito14,855,868,13
Mockito15,854,859,5
Mockito16,3,197,194
Mockito17,372,385,13
Mockito18,636,647,11
Mockito19,7,658,651
Mockito20,172,163,-9
Mockito21,1,399,398
Mockito22,607,608,1
Mockito23,925,915,-10
Mockito24,1,796,795
Mockito25,7,1261,1254
Mockito27,13,590,577
Mockito28,882,853,-29
Mockito29,781,730,-51
Mockito30,275,204,-71
Mockito31,4,141,137
Mockito32,575,444,-131
Mockito33,1018,1120,102
Mockito34,1676,1590,-86
Mockito35,1,85,84
Mockito36,841,1019,178
Mockito37,859,810,-49
Mockito38,627,647,20
Time1,2290,1230,-1060
Time2,2176,1988,-188
Time3,1,1567,1566
Time4,3976,4327,351
Time5,99,1772,1673
Time6,425,14,-411
Time7,3852,3795,-57
Time8,5,1233,1228
Time9,20,1192,1172
Time10,12,4378,4366
Time11,3388,3411,23
Time12,10,3,-7
Time13,18,2684,2666
Time14,32,2448,2416
Time15,106,104,-2
Time16,1,1687,1686
Time17,6,639,633
Time18,1,2268,2267
Time19,5307,5379,72
Time20,1690,1551,-139
Time21,31,21,-10
Time22,2,2791,2789
Time23,1356,1301,-55
Time24,5429,5554,125
Time25,5307,5329,22
Time26,2252,2097,-155
Time27,4432,4502,70
