Project,now,before,Difference
Chart1,26,350,324
Chart2,110,108,-2
Chart3,17,86,69
Chart4,20,331,311
Chart5,2,44,42
Chart6,4,38,34
Chart7,19,80,61
Chart8,6,8,2
Chart9,17,146,129
Chart10,1,3,2
Chart11,1,5,4
Chart12,157,151,-6
Chart13,103,147,44
Chart14,342,329,-13
Chart15,28,399,371
Chart16,18,19,1
Chart17,5,63,58
Chart18,4,20,16
Chart19,478,487,9
Chart20,8,22,14
Chart21,14,106,92
Chart22,50,65,15
Chart24,2,10,8
Chart25,2603,2879,276
Chart26,59,172,113
Closure1,102,1426,1324
Closure2,1867,2237,370
Closure3,396,1432,1036
Closure4,569,4379,3810
Closure5,723,1153,430
Closure6,4489,4377,-112
Closure7,1039,1482,443
Closure8,430,526,96
Closure9,3,10,7
Closure10,2770,2883,113
Closure11,1805,2770,965
Closure12,1,1797,1796
Closure13,1856,4076,2220
Closure14,83,440,357
Closure15,1352,1356,4
Closure16,189,1131,942
Closure17,3277,3832,555
Closure18,73,550,477
Closure19,2336,3558,1222
Closure20,564,1350,786
Closure21,2810,2852,42
Closure22,2804,2852,48
Closure23,584,981,397
Closure24,225,1309,1084
Closure25,336,1594,1258
Closure26,2263,2294,31
Closure27,101,43,-58
Closure29,2574,1122,-1452
Closure30,243,1209,966
Closure31,64,402,338
Closure32,703,718,15
Closure33,2472,5170,2698
Closure34,58,26,-32
Closure35,647,2308,1661
Closure36,820,3702,2882
Closure37,43,660,617
Closure38,175,107,-68
Closure39,635,989,354
Closure40,759,1012,253
Closure41,2653,2116,-537
Closure42,326,165,-161
Closure43,2107,3486,1379
Closure44,201,90,-111
Closure45,549,1763,1214
Closure46,283,690,407
Closure47,2027,2560,533
Closure48,2860,3583,723
Closure49,6,673,667
Closure50,161,1190,1029
Closure51,40,104,64
Closure52,2007,2024,17
Closure53,510,1016,506
Closure54,105,1634,1529
Closure55,476,928,452
Closure56,593,633,40
Closure57,1725,1730,5
Closure58,352,775,423
Closure59,409,473,64
Closure60,2398,2771,373
Closure61,1889,1918,29
Closure62,11,47,36
Closure63,11,47,36
Closure64,166,521,355
Closure65,2401,2378,-23
Closure66,2354,2746,392
Closure67,247,99,-148
Closure68,426,145,-281
Closure69,2623,2907,284
Closure70,2381,3013,632
Closure71,2812,2552,-260
Closure72,444,1086,642
Closure73,1952,1964,12
Closure74,772,927,155
Closure75,2399,2418,19
Closure76,413,961,548
Closure77,1955,1940,-15
Closure78,2268,1058,-1210
Closure79,1658,1805,147
Closure80,1609,1629,20
Closure81,69,123,54
Closure82,63,207,144
Closure83,79,96,17
Closure84,79,107,28
Closure85,129,1066,937
Closure86,1948,1996,48
Closure87,51,1011,960
Closure88,258,915,657
Closure89,278,990,712
Closure90,1800,1922,122
Closure91,777,62,-715
Closure92,274,955,681
Closure93,274,955,681
Closure94,1474,1467,-7
Closure95,422,1556,1134
Closure96,2011,2670,659
Closure97,975,702,-273
Closure98,1,1282,1281
Closure99,741,28,-713
Closure100,1426,1435,9
Closure101,234,573,339
Closure102,263,2811,2548
Closure103,1592,1969,377
Closure104,546,886,340
Closure105,833,636,-197
Closure106,1850,2011,161
Closure107,358,585,227
Closure108,94,1442,1348
Closure109,109,162,53
Closure110,2216,2645,429
Closure111,264,1314,1050
Closure112,2898,2379,-519
Closure113,38,1207,1169
Closure114,481,1176,695
Closure115,365,878,513
Closure116,151,383,232
Closure117,2045,3025,980
Closure118,2089,1470,-619
Closure120,2275,2913,638
Closure121,543,968,425
Closure122,278,239,-39
Closure123,2080,2062,-18
Closure124,54,812,758
Closure125,2188,2672,484
Closure126,1010,910,-100
Closure127,267,1286,1019
Closure128,1942,1958,16
Closure129,181,1000,819
Closure130,174,462,288
Closure131,1637,2230,593
Closure132,226,1152,926
Closure133,473,617,144
Lang1,4,33,29
Lang2,8,4,-4
Lang3,30,48,18
Lang4,1,3,2
Lang5,3,6,3
Lang6,19,71,52
Lang7,1,139,138
Lang8,188,262,74
Lang9,42,27,-15
Lang10,6,48,42
Lang11,6,6,0
Lang12,1,4,3
Lang13,3,33,30
Lang14,1,5,4
Lang15,4,184,180
Lang16,44,47,3
Lang17,4,56,52
Lang18,30,47,17
Lang19,1,14,13
Lang20,21,28,7
Lang21,3,4,1
Lang22,9,22,13
Lang24,24,159,135
Lang26,47,87,40
Lang27,28,151,123
Lang28,4,30,26
Lang30,23,30,7
Lang31,2,26,24
Lang32,13,24,11
Lang33,5,58,53
Lang34,13,118,105
Lang35,2,22,20
Lang36,8,42,34
Lang37,1,25,24
Lang38,16,103,87
Lang39,34,26,-8
Lang40,1,4,3
Lang41,34,38,4
Lang42,6,7,1
Lang43,8,27,19
Lang44,2,3,1
Lang45,16,11,-5
Lang46,1,3,2
Lang47,38,35,-3
Lang48,5,10,5
Lang49,8,28,20
Lang50,149,137,-12
Lang53,32,16,-16
Lang54,9,14,5
Lang55,2,14,12
Lang57,3,6,3
Lang58,3,41,38
Lang59,5,12,7
Lang60,18,27,9
Lang61,5,27,22
Lang62,22,30,8
Lang63,4,25,21
Lang64,15,40,25
Lang65,4,9,5
Math1,390,406,16
Math2,45,44,-1
Math3,5,3,-2
Math4,166,91,-75
Math5,3,14,11
Math6,41,23,-18
Math7,149,190,41
Math8,24,26,2
Math9,8,10,2
Math10,208,210,2
Math11,38,40,2
Math13,53,150,97
Math14,17,125,108
Math15,234,314,80
Math16,252,252,0
Math17,176,289,113
Math18,336,622,286
Math19,185,450,265
Math20,1,611,610
Math21,14,140,126
Math22,62,74,12
Math23,1,130,129
Math24,13,142,129
Math25,4,46,42
Math26,173,360,187
Math27,15,28,13
Math28,49,209,160
Math29,189,195,6
Math30,99,58,-41
Math31,35,64,29
Math32,10,300,290
Math33,66,305,239
Math34,11,32,21
Math35,10,3,-7
Math36,356,356,0
Math37,247,246,-1
Math38,72,143,71
Math39,88,201,113
Math40,105,70,-35
Math41,45,81,36
Math42,56,319,263
Math43,23,35,12
Math44,3,132,129
Math45,1,5,4
Math46,16,16,0
Math47,3,14,11
Math48,6,68,62
Math49,421,22,-399
Math50,9,66,57
Math51,10,67,57
Math52,46,30,-16
Math53,1,12,11
Math54,415,557,142
Math55,3,20,17
Math56,21,337,316
Math57,23,46,23
Math58,256,429,173
Math59,663,921,258
Math60,28,25,-3
Math61,212,34,-178
Math62,49,128,79
Math63,2,3,1
Math64,2,98,96
Math65,196,178,-18
Math66,2,28,26
Math67,233,32,-201
Math68,4,66,62
Math69,56,161,105
Math70,3,13,10
Math71,282,401,119
Math72,46,19,-27
Math73,30,23,-7
Math74,93,938,845
Math75,2,28,26
Math76,41,473,432
Math77,9,29,20
Math78,2,121,119
Math79,3,35,32
Math80,57,328,271
Math81,8,125,117
Math82,40,122,82
Math83,21,217,196
Math84,61,83,22
Math85,13,33,20
Math86,10,17,7
Math87,4,210,206
Math88,8,235,227
Math89,1,4,3
Math90,1,4,3
Math91,28,14,-14
Math92,1,14,13
Math93,1,2,1
Math94,6,1,-5
Math95,2,32,30
Math96,6,14,8
Math97,6,9,3
Math98,11,27,16
Math99,25,24,-1
Math100,183,33,-150
Math101,18,36,18
Math102,9,55,46
Math103,8,45,37
Math105,3,25,22
Math106,67,58,-9
Mockito1,16,154,138
Mockito2,4,3,-1
Mockito3,195,374,179
Mockito4,667,634,-33
Mockito5,4060,4060,0
Mockito6,860,856,-4
Mockito7,74,600,526
Mockito8,49,14,-35
Mockito9,1827,1827,0
Mockito10,62,407,345
Mockito11,1,177,176
Mockito12,2,5,3
Mockito13,66,67,1
Mockito14,62,78,16
Mockito15,44,175,131
Mockito16,47,8,-39
Mockito17,16,63,47
Mockito18,64,233,169
Mockito19,26,245,219
Mockito20,33,229,196
Mockito21,70,158,88
Mockito22,65,155,90
Mockito23,551,634,83
Mockito24,627,710,83
Mockito25,43,418,375
Mockito27,507,630,123
Mockito28,18,131,113
Mockito29,41,371,330
Mockito30,3,14,11
Mockito31,36,199,163
Mockito32,209,149,-60
Mockito33,49,271,222
Mockito34,43,259,216
Mockito35,423,423,0
Mockito36,37,164,127
Mockito37,123,210,87
Mockito38,3,78,75
Time1,22,270,248
Time2,122,325,203
Time3,1113,274,-839
Time4,162,357,195
Time5,19,275,256
Time6,193,576,383
Time7,66,1512,1446
Time8,76,67,-9
Time9,111,65,-46
Time10,41,299,258
Time11,362,1251,889
Time12,1580,1582,2
Time13,105,1090,985
Time14,35,704,669
Time15,3,2,-1
Time16,1160,1500,340
Time17,80,149,69
Time18,231,665,434
Time19,20,43,23
Time20,1728,1774,46
Time21,310,324,14
Time22,127,302,175
Time23,9,78,69
Time24,200,1794,1594
Time25,186,205,19
Time26,399,439,40
Time27,68,1125,1057
