Project,now,before,Difference
Chart1,167,350,183
Chart2,98,108,10
Chart3,22,86,64
Chart4,6,331,325
Chart5,2,44,42
Chart6,10,38,28
Chart7,26,80,54
Chart8,17,8,-9
Chart9,51,146,95
Chart10,2,3,1
Chart11,4,5,1
Chart12,213,151,-62
Chart13,125,147,22
Chart14,333,329,-4
Chart15,17,399,382
Chart16,15,19,4
Chart17,10,63,53
Chart18,4,20,16
Chart19,481,487,6
Chart20,10,22,12
Chart21,2,106,104
Chart22,53,65,12
Chart24,1,10,9
Chart25,2601,2879,278
Chart26,47,172,125
Closure1,583,1426,843
Closure2,2231,2237,6
Closure3,1500,1432,-68
Closure4,69,4379,4310
Closure5,982,1153,171
Closure6,3949,4377,428
Closure7,1307,1482,175
Closure8,1462,526,-936
Closure9,3,10,7
Closure10,2841,2883,42
Closure11,2135,2770,635
Closure12,537,1797,1260
Closure13,2907,4076,1169
Closure14,97,440,343
Closure15,799,1356,557
Closure16,738,1131,393
Closure17,3386,3832,446
Closure18,72,550,478
Closure19,2475,3558,1083
Closure20,1416,1350,-66
Closure21,2831,2852,21
Closure22,2801,2852,51
Closure23,1289,981,-308
Closure24,456,1309,853
Closure25,852,1594,742
Closure26,2187,2294,107
Closure27,97,43,-54
Closure29,2468,1122,-1346
Closure30,800,1209,409
Closure31,113,402,289
Closure32,676,718,42
Closure33,4069,5170,1101
Closure34,110,26,-84
Closure35,1593,2308,715
Closure36,4893,3702,-1191
Closure37,46,660,614
Closure38,415,107,-308
Closure39,735,989,254
Closure40,1182,1012,-170
Closure41,2829,2116,-713
Closure42,266,165,-101
Closure43,1917,3486,1569
Closure44,954,90,-864
Closure45,404,1763,1359
Closure46,95,690,595
Closure47,2076,2560,484
Closure48,2533,3583,1050
Closure49,30,673,643
Closure50,390,1190,800
Closure51,410,104,-306
Closure52,2032,2024,-8
Closure53,881,1016,135
Closure54,213,1634,1421
Closure55,702,928,226
Closure56,594,633,39
Closure57,1746,1730,-16
Closure58,87,775,688
Closure59,108,473,365
Closure60,2449,2771,322
Closure61,1883,1918,35
Closure62,11,47,36
Closure63,11,47,36
Closure64,35,521,486
Closure65,2406,2378,-28
Closure66,2430,2746,316
Closure67,35,99,64
Closure68,217,145,-72
Closure69,2543,2907,364
Closure70,2601,3013,412
Closure71,2584,2552,-32
Closure72,724,1086,362
Closure73,1961,1964,3
Closure74,209,927,718
Closure75,2378,2418,40
Closure76,183,961,778
Closure77,1952,1940,-12
Closure78,2249,1058,-1191
Closure79,1663,1805,142
Closure80,1623,1629,6
Closure81,180,123,-57
Closure82,325,207,-118
Closure83,103,96,-7
Closure84,69,107,38
Closure85,155,1066,911
Closure86,1972,1996,24
Closure87,463,1011,548
Closure88,652,915,263
Closure89,376,990,614
Closure90,1915,1922,7
Closure91,796,62,-734
Closure92,91,955,864
Closure93,91,955,864
Closure94,1480,1467,-13
Closure95,987,1556,569
Closure96,2252,2670,418
Closure97,855,702,-153
Closure98,357,1282,925
Closure99,676,28,-648
Closure100,1428,1435,7
Closure101,109,573,464
Closure102,519,2811,2292
Closure103,1824,1969,145
Closure104,632,886,254
Closure105,629,636,7
Closure106,1926,2011,85
Closure107,2059,585,-1474
Closure108,253,1442,1189
Closure109,114,162,48
Closure110,2627,2645,18
Closure111,503,1314,811
Closure112,1290,2379,1089
Closure113,729,1207,478
Closure114,1800,1176,-624
Closure115,366,878,512
Closure116,63,383,320
Closure117,3340,3025,-315
Closure118,1864,1470,-394
Closure120,2750,2913,163
Closure121,1017,968,-49
Closure122,371,239,-132
Closure123,2068,2062,-6
Closure124,236,812,576
Closure125,4234,2672,-1562
Closure126,790,910,120
Closure127,1459,1286,-173
Closure128,1984,1958,-26
Closure129,182,1000,818
Closure130,380,462,82
Closure131,1697,2230,533
Closure132,340,1152,812
Closure133,752,617,-135
Lang1,3,33,30
Lang2,6,4,-2
Lang3,6,48,42
Lang4,2,3,1
Lang5,3,6,3
Lang6,31,71,40
Lang7,3,139,136
Lang8,195,262,67
Lang9,51,27,-24
Lang10,2,48,46
Lang11,4,6,2
Lang12,1,4,3
Lang13,5,33,28
Lang14,1,5,4
Lang15,6,184,178
Lang16,36,47,11
Lang17,7,56,49
Lang18,17,47,30
Lang19,6,14,8
Lang20,21,28,7
Lang21,2,4,2
Lang22,14,22,8
Lang24,32,159,127
Lang26,11,87,76
Lang27,49,151,102
Lang28,2,30,28
Lang30,24,30,6
Lang31,1,26,25
Lang32,1,24,23
Lang33,5,58,53
Lang34,44,118,74
Lang35,1,22,21
Lang36,13,42,29
Lang37,1,25,24
Lang38,59,103,44
Lang39,10,26,16
Lang40,1,4,3
Lang41,35,38,3
Lang42,15,7,-8
Lang43,11,27,16
Lang44,2,3,1
Lang45,17,11,-6
Lang46,1,3,2
Lang47,34,35,1
Lang48,5,10,5
Lang49,11,28,17
Lang50,146,137,-9
Lang53,9,16,7
Lang54,11,14,3
Lang55,4,14,10
Lang57,4,6,2
Lang58,5,41,36
Lang59,3,12,9
Lang60,13,27,14
Lang61,5,27,22
Lang62,35,30,-5
Lang63,6,25,19
Lang64,22,40,18
Lang65,4,9,5
Math1,406,406,0
Math2,55,44,-11
Math3,2,3,1
Math4,76,91,15
Math5,13,14,1
Math6,49,23,-26
Math7,12,190,178
Math8,23,26,3
Math9,21,10,-11
Math10,184,210,26
Math11,113,40,-73
Math13,23,150,127
Math14,28,125,97
Math15,257,314,57
Math16,252,252,0
Math17,177,289,112
Math18,499,622,123
Math19,36,450,414
Math20,45,611,566
Math21,5,140,135
Math22,109,74,-35
Math23,4,130,126
Math24,38,142,104
Math25,17,46,29
Math26,252,360,108
Math27,15,28,13
Math28,11,209,198
Math29,189,195,6
Math30,57,58,1
Math31,33,64,31
Math32,25,300,275
Math33,186,305,119
Math34,9,32,23
Math35,2,3,1
Math36,355,356,1
Math37,246,246,0
Math38,24,143,119
Math39,101,201,100
Math40,18,70,52
Math41,49,81,32
Math42,62,319,257
Math43,34,35,1
Math44,31,132,101
Math45,2,5,3
Math46,6,16,10
Math47,4,14,10
Math48,3,68,65
Math49,291,22,-269
Math50,8,66,58
Math51,3,67,64
Math52,111,30,-81
Math53,2,12,10
Math54,411,557,146
Math55,9,20,11
Math56,9,337,328
Math57,12,46,34
Math58,485,429,-56
Math59,562,921,359
Math60,68,25,-43
Math61,243,34,-209
Math62,36,128,92
Math63,3,3,0
Math64,7,98,91
Math65,14,178,164
Math66,1,28,27
Math67,359,32,-327
Math68,4,66,62
Math69,123,161,38
Math70,7,13,6
Math71,277,401,124
Math72,19,19,0
Math73,41,23,-18
Math74,153,938,785
Math75,6,28,22
Math76,202,473,271
Math77,11,29,18
Math78,5,121,116
Math79,3,35,32
Math80,125,328,203
Math81,19,125,106
Math82,99,122,23
Math83,1,217,216
Math84,59,83,24
Math85,21,33,12
Math86,28,17,-11
Math87,4,210,206
Math88,18,235,217
Math89,1,4,3
Math90,1,4,3
Math91,1,14,13
Math92,2,14,12
Math93,1,2,1
Math94,3,1,-2
Math95,17,32,15
Math96,9,14,5
Math97,15,9,-6
Math98,9,27,18
Math99,27,24,-3
Math100,70,33,-37
Math101,30,36,6
Math102,1,55,54
Math103,12,45,33
Math105,3,25,22
Math106,61,58,-3
Mockito1,5,154,149
Mockito2,4,3,-1
Mockito3,231,374,143
Mockito4,660,634,-26
Mockito5,4060,4060,0
Mockito6,856,856,0
Mockito7,73,600,527
Mockito8,59,14,-45
Mockito9,1827,1827,0
Mockito10,57,407,350
Mockito11,12,177,165
Mockito12,2,5,3
Mockito13,113,67,-46
Mockito14,49,78,29
Mockito15,73,175,102
Mockito16,20,8,-12
Mockito17,33,63,30
Mockito18,132,233,101
Mockito19,43,245,202
Mockito20,262,229,-33
Mockito21,54,158,104
Mockito22,94,155,61
Mockito23,545,634,89
Mockito24,641,710,69
Mockito25,9,418,409
Mockito27,503,630,127
Mockito28,71,131,60
Mockito29,290,371,81
Mockito30,5,14,9
Mockito31,73,199,126
Mockito32,378,149,-229
Mockito33,121,271,150
Mockito34,288,259,-29
Mockito35,423,423,0
Mockito36,65,164,99
Mockito37,149,210,61
Mockito38,23,78,55
Time1,55,270,215
Time2,190,325,135
Time3,815,274,-541
Time4,471,357,-114
Time5,56,275,219
Time6,23,576,553
Time7,189,1512,1323
Time8,17,67,50
Time9,15,65,50
Time10,130,299,169
Time11,84,1251,1167
Time12,1580,1582,2
Time13,337,1090,753
Time14,9,704,695
Time15,4,2,-2
Time16,619,1500,881
Time17,61,149,88
Time18,186,665,479
Time19,57,43,-14
Time20,1736,1774,38
Time21,309,324,15
Time22,121,302,181
Time23,27,78,51
Time24,505,1794,1289
Time25,197,205,8
Time26,422,439,17
Time27,77,1125,1048
